-71.1413	0.956295	0.335124
-70.5533	0.958203	0.576971
-72.0769	0.953533	0.343347
-74.043	0.948066	0.273394
-72.4467	0.96555	0.5102
-72.7404	0.965959	0.432227
-71.5768	0.981807	0.591084
-74.2934	0.976618	0.516173
-75.6948	0.968016	0.293457
-73.4588	0.984629	0.324608
-79.1511	0.951626	0.273331
-77.5184	0.963718	0.284579
-76.7218	0.946797	0.301962
-75.5782	0.962621	0.564644
-72.4618	0.982501	0.258546
-73.1799	0.981617	0.334446
-77.4373	0.960452	0.551666
-74.5251	0.984253	0.546459
-77.7437	0.973927	0.368051
-77.4397	0.975512	0.261326
-72.9655	0.993622	0.699243
-73.7436	0.993917	0.537049
-76.8606	0.990223	0.310335
-81.8955	0.978547	0.395352
-74.701	0.996415	0.778683
-74.7619	0.995684	0.671377
-76.7195	0.993399	0.531692
-78.0901	0.990955	0.420495
-80.4543	0.984734	0.277008
-77.2421	0.993526	0.273654
-73.573	0.996317	0.525271
-76.3732	0.993605	0.545758
-75.1242	0.99541	0.774603
-73.5031	0.996921	0.707427
-72.2027	0.996971	0.664298
-73.7743	0.996833	0.485728
-69.1048	0.99875	0.792204
-71.7664	0.997766	0.712506
-73.0456	0.99736	0.599665
-76.1666	0.99465	0.489844
-77.1414	0.991825	0.368848
-71.7552	0.997836	0.784347
-72.797	0.996805	0.497349
-72.4073	0.996724	0.578405
-69.966	0.997528	0.659515
-70.009	0.99616	0.702861
-70.7416	0.995849	0.621007
-74.4723	0.994449	0.661514
-75.3825	0.993131	0.535951
-74.9664	0.993774	0.528335
-72.9776	0.996637	0.579744
-77.0672	0.991676	0.522791
-77.9732	0.990763	0.568428
-78.597	0.989882	0.517715
-78.1865	0.990981	0.424812
-75.8354	0.994118	0.460077
-75.8951	0.993858	0.323723
-77.4537	0.990412	0.399729
-77.8143	0.990717	0.426457
-78.2268	0.991225	0.447446
-74.7139	0.995386	0.508084
-72.8359	0.99727	0.577578
-82.5562	0.975865	0.567296
-80.3848	0.981409	0.594538
-74.948	0.994766	0.612486
-72.5851	0.996779	0.371036
-68.6547	0.998853	0.820695
-66.4345	0.985326	0.747183
-48.1042	0.899752	0.761393
-40.9335	0.905968	0.801966
-31.1138	0.976724	0.358532
-22.1648	0.983605	0.547184
-20.3145	0.977948	0.619319
-18.4436	0.980508	0.520293
-16.1437	0.991478	0.616804
-13.2874	0.994012	0.632476
-11.1498	0.994469	0.646818
-10.3108	0.993553	0.630479
-9.81114	0.990553	0.649006
-9.56894	0.994879	0.651332
-9.41848	0.997645	0.672703
-9.20194	0.998151	0.664882
-9.07585	0.998116	0.667596
-9.08249	0.998182	0.66214
-9.15546	0.99817	0.668054
-9.26434	0.998119	0.666286
-9.41104	0.998052	0.666574
-9.71447	0.997945	0.668185
-10.1624	0.997816	0.675421
-10.5737	0.99763	0.676807
-10.9861	0.997444	0.674915
-11.337	0.997371	0.674816
-11.6995	0.997374	0.674253
-12.2575	0.997314	0.677164
-13.0841	0.997308	0.675953
-14.1094	0.997277	0.673364
-15.4729	0.997214	0.678163
-17.3396	0.997121	0.675477
-19.9473	0.997294	0.675776
-23.1577	0.997631	0.677344
-26.1221	0.998142	0.695057
-27.6697	0.998532	0.674611
-28.4457	0.998296	0.648584
-30.2323	0.982203	0.59649
-33.5541	0.752549	0.460083
-36.6856	0.331635	0.253456
-37.8142	0.0509735	0.176642
-36.9376	-0.0435809	0.191425
-35.2221	0.0470915	0.208873
-36.0242	-0.0605488	0.217724
-34.9445	0.0909356	0.278693
-32.2874	0.174808	0.429057
-34.6685	-0.00471235	0.396793
-33.3045	0.078712	0.277066
-32.763	0.145093	0.375459
-34.5524	0.0728075	0.366812
-32.1273	0.16513	0.464183
-34.7465	0.1693	0.385601
-34.223	0.210893	0.481728
-37.5651	0.145523	0.525715
-41.5062	0.214218	0.478595
-43.8562	0.745333	0.406151
-31.6653	0.995565	0.474005
-25.1001	0.995138	0.52954
-21.3094	0.994341	0.639352
-18.2152	0.996231	0.6365
-15.5037	0.997197	0.62251
-14.1562	0.9978	0.652469
-13.1404	0.9981	0.627248
-12.6013	0.998368	0.648222
-11.8941	0.998483	0.634752
-11.4485	0.99846	0.642547
-11.2642	0.998507	0.642354
-11.2146	0.998491	0.645741
-11.2232	0.998396	0.642148
-11.324	0.998412	0.64988
-11.3606	0.998302	0.649781
-11.4923	0.998154	0.65802
-11.2879	0.997662	0.642028
-11.4441	0.997425	0.651403
-11.8065	0.997468	0.645984
-12.3146	0.9971	0.667884
-12.367	0.996422	0.665879
-12.1387	0.995842	0.660362
-11.9737	0.995481	0.668362
-11.7525	0.995801	0.668468
-11.5088	0.996063	0.672381
-11.2564	0.996343	0.665216
-11.1587	0.996378	0.671241
-11.1769	0.996211	0.66627
-11.2133	0.996737	0.659824
-11.5261	0.997236	0.65135
-11.8409	0.997572	0.646111
-12.4884	0.997888	0.649121
-13.2253	0.998156	0.641137
-13.9416	0.998315	0.648062
-14.3918	0.998237	0.650978
-14.1571	0.997134	0.652868
-13.5283	0.996534	0.6595
-12.6179	0.996954	0.652767
-11.9922	0.997869	0.655264
-11.8785	0.998647	0.631871
-12.7061	0.998587	0.608941
-15.3963	0.997047	0.583503
-21.0837	0.977982	0.553491
-29.1199	0.819308	0.578803
-32.6047	0.512077	0.43981
-34.3061	0.325901	0.301019
-34.8474	-0.0477372	0.245346
-37.4416	-0.246909	0.220931
-44.1241	-0.175064	0.169602
-49.8114	0.531773	0.26175
-53.2658	0.915028	0.514396
-55.9972	0.953422	0.632432
-57.0362	0.971441	0.533731
-60.8173	0.974382	0.618472
-62.3729	0.982734	0.533606
-63.7861	0.957156	0.393002
-54.5274	0.739763	0.388464
-47.6712	0.588276	0.44585
-46.3393	0.634704	0.301436
-35.4329	0.995593	0.443671
-28.9628	0.995066	0.577757
-23.1215	0.995234	0.582448
-19.3573	0.996982	0.656238
-16.4968	0.997872	0.634577
-15.0959	0.99817	0.656495
-14.0347	0.998438	0.64982
-13.5329	0.998726	0.633011
-13.9814	0.998628	0.625345
-15.8415	0.996676	0.587512
-20.5526	0.988495	0.58344
-28.192	0.917995	0.564206
-34.3957	0.536682	0.493753
-37.5274	0.382393	0.3722
-39.39	0.110729	0.226546
-39.5677	-0.109584	0.172175
-41.5817	-0.0730191	0.221984
-44.9935	0.162814	0.370824
-47.2586	0.516091	0.542677
-52.1301	0.835058	0.498756
-44.2223	0.993943	0.599229
-31.7317	0.998088	0.52677
-27.7166	0.997856	0.509969
-22.2977	0.998046	0.563641
-18.9911	0.998218	0.651553
-16.1895	0.998239	0.615526
-15.1661	0.998438	0.655327
-14.1079	0.998509	0.655495
-13.4245	0.998645	0.643393
-13.1535	0.998749	0.658713
-12.7696	0.998738	0.648904
-12.6018	0.998787	0.649126
-12.4506	0.998757	0.654966
-12.3096	0.998801	0.648232
-12.2339	0.998817	0.650181
-12.0752	0.998774	0.648208
-11.9737	0.998825	0.642228
-11.9997	0.998829	0.645236
-11.9211	0.998814	0.642356
-11.8904	0.998834	0.640767
-11.9488	0.998743	0.641978
-12.061	0.9987	0.63892
-12.3008	0.998759	0.643004
-12.6478	0.998782	0.653557
-12.921	0.998798	0.655065
-13.1018	0.998851	0.649331
-13.572	0.998822	0.647623
-14.4874	0.998889	0.638346
-15.9118	0.998896	0.633168
-18.1544	0.998858	0.62278
-21.1857	0.99892	0.632325
-24.235	0.998865	0.647643
-26.765	0.998772	0.66883
-28.0913	0.998823	0.669315
-28.3446	0.998746	0.679107
-27.2977	0.998832	0.672689
-23.6786	0.998872	0.619563
-20.2267	0.998851	0.618079
-17.9176	0.998865	0.62384
-16.2096	0.998705	0.630781
-14.7907	0.99856	0.639493
-13.8251	0.998549	0.636926
-13.2978	0.998528	0.640479
-13.2012	0.998605	0.622978
-13.5559	0.998682	0.621024
-13.9598	0.998601	0.616171
-14.4107	0.998376	0.602508
-15.2038	0.998287	0.608915
-15.7023	0.998285	0.616339
-15.6082	0.9982	0.614571
-15.4119	0.998362	0.606614
-15.2621	0.998611	0.605771
-15.1037	0.998609	0.600625
-15.1838	0.998684	0.605781
-15.3507	0.998772	0.604582
-15.6385	0.998788	0.613793
-15.8739	0.99885	0.614225
-16.8662	0.998896	0.596298
-20.0516	0.998877	0.595561
-25.1808	0.998784	0.577662
-32.2837	0.99882	0.593898
-40.2361	0.998433	0.645399
-45.5773	0.9984	0.555586
-51.0159	0.984936	0.598272
-46.8321	0.89255	0.389985
-35.8854	0.904073	0.64788
-40.1053	0.888659	0.577079
-35.8492	0.99391	0.512648
-28.0276	0.992208	0.483151
-21.964	0.993286	0.55853
-18.6995	0.996218	0.606955
-17.0032	0.996526	0.60952
-15.997	0.996905	0.616868
-15.1679	0.997471	0.624686
-14.6318	0.997761	0.616538
-14.2794	0.998003	0.615205
-14.1244	0.998367	0.629068
-13.9613	0.998487	0.615132
-14.0522	0.998542	0.618299
-14.2291	0.998665	0.617742
-14.5706	0.99877	0.612922
-15.0451	0.998761	0.609865
-15.3429	0.998759	0.60182
-15.3114	0.998734	0.598619
-15.1605	0.998576	0.608234
-14.7991	0.998353	0.605135
-14.6649	0.99814	0.600506
-14.9123	0.997535	0.597408
-15.2771	0.997242	0.593715
-15.5582	0.997907	0.602396
-15.6468	0.998207	0.609611
-15.3793	0.998047	0.604783
-15.0441	0.997987	0.596459
-14.787	0.998175	0.604016
-14.3932	0.998188	0.604887
-14.1631	0.998227	0.60371
-14.0893	0.998258	0.601269
-14.1021	0.998248	0.598145
-14.187	0.998233	0.592481
-14.482	0.998294	0.599599
-14.8313	0.998313	0.598467
-15.2764	0.998462	0.597842
-14.8196	0.998487	0.589516
-14.0549	0.998288	0.575085
-14.082	0.998467	0.596884
-14.4725	0.998502	0.583555
-15.2427	0.99841	0.562865
-16.8345	0.998585	0.567275
-18.7981	0.998773	0.535634
-21.449	0.998893	0.484944
-24.7176	0.998931	0.456053
-27.3005	0.998703	0.434443
-29.3677	0.998168	0.287775
-34.8358	0.997836	0.330867
-42.745	0.997562	0.473131
-41.3353	0.997091	0.696442
-42.3515	0.995898	0.479849
-34.3107	0.996123	0.536922
-28.8623	0.993745	0.353654
-23.5534	0.994146	0.50534
-19.806	0.996889	0.578754
-18.1689	0.997841	0.613194
-16.9496	0.998215	0.587771
-16.4542	0.998467	0.60854
-16.3973	0.998562	0.607002
-16.3722	0.998591	0.594316
-16.4235	0.998576	0.607468
-15.9118	0.998473	0.605356
-15.3883	0.998501	0.602998
-15.7015	0.998609	0.581881
-17.7412	0.998236	0.576074
-19.526	0.998698	0.521334
-22.664	0.998723	0.554845
-24.9428	0.99692	0.619546
-23.2641	0.996514	0.640017
-19.9531	0.998523	0.604953
-16.8135	0.998298	0.605906
-15.0679	0.9983	0.589352
-14.8268	0.998331	0.553495
-16.6603	0.998565	0.521211
-21.7125	0.99879	0.370433
-25.903	0.997965	0.39773
-29.6902	0.99804	0.40004
-32.9608	0.997936	0.407784
-36.5149	0.997657	0.625609
-41.4354	0.997569	0.785102
-42.557	0.997206	0.699088
-45.742	0.997667	0.32719
-50.1412	0.981873	0.139514
-45.4938	0.818553	0.257669
-44.5213	0.856685	0.227063
-37.6112	0.991871	0.495578
-37.4936	0.989027	0.643269
-35.4241	0.984085	0.65175
-30.5229	0.991373	0.675518
-29.3835	0.994255	0.730167
-28.8449	0.994498	0.728562
-28.0406	0.994989	0.679556
-32.8774	0.9916	0.622905
-39.9809	0.987686	0.6308
-38.804	0.992864	0.733585
-38.1116	0.914796	0.400937
-37.5764	0.877808	0.460007
-41.5125	0.958519	0.689875
-42.9247	0.983685	0.753293
-46.9958	0.99108	0.776087
-50.336	0.993887	0.760045
-53.1699	0.994949	0.773942
-58.1486	0.99566	0.798777
-60.1589	0.995733	0.698314
-57.8598	0.997034	0.266096
-58.0536	0.998124	0.262813
-62.8904	0.988751	0.131656
-51.4844	0.659131	0.283605
-46.0565	0.613228	0.280662
-54.3563	0.582885	0.262964
-58.9188	0.779777	0.294904
-62.0423	0.832704	0.418949
-65.1539	0.669861	0.175476
-66.4152	0.548294	0.216457
-66.3974	0.632337	0.197618
-67.476	0.830647	0.263556
-67.6949	0.947634	0.49588
-73.0578	0.956944	0.444395
-74.6312	0.960856	0.585543
-69.2285	0.924914	0.521979
-63.9252	0.923168	0.399619
-66.6147	0.894159	0.485028
-64.9516	0.769658	0.636208
-62.6475	0.490638	0.437091
-60.845	0.0898241	0.344071
-57.9898	0.625028	0.118444
-38.3054	0.996953	0.457272
-28.2126	0.998112	0.454967
-23.1174	0.99803	0.603635
-19.4489	0.997843	0.619646
-16.8679	0.998257	0.632971
-15.4418	0.998581	0.641581
-14.5112	0.998682	0.641203
-13.5913	0.998564	0.635769
-13.0713	0.998726	0.636537
-13.0193	0.998811	0.63198
-13.2601	0.998803	0.625765
-14.1537	0.998858	0.612505
-16.5605	0.99884	0.581035
-21.5171	0.998732	0.57687
-28.954	0.998647	0.549369
-36.7169	0.998429	0.653399
-42.6547	0.99851	0.576928
-45.3107	0.943338	0.388303
-35.9619	0.827955	0.340476
-33.6646	0.949148	0.403291
-25.426	0.994914	0.506971
-20.701	0.994267	0.578612
-17.9694	0.99569	0.610776
-16.5472	0.996992	0.548971
-17.9232	0.998153	0.523846
-20.7373	0.998612	0.503405
-22.2798	0.998296	0.229153
-29.169	0.997601	0.499358
-35.4522	0.997128	0.63055
-38.0854	0.997505	0.58072
-39.9196	0.997554	0.71791
-43.0242	0.997208	0.806552
-45.9102	0.997273	0.679621
-51.0477	0.997806	0.346136
-52.7199	0.997568	0.424873
-55.7742	0.997845	0.151586
-59.8696	0.997817	0.294783
-61.3533	0.993638	0.401598
-51.8545	0.82102	0.296998
-43.866	0.76862	0.378669
-44.8339	0.932245	0.142709
-31.6395	0.997908	0.373426
-27.3425	0.998304	0.449013
-24.058	0.998639	0.409151
-22.5584	0.997851	0.554097
-18.3018	0.996622	0.54584
-16.2803	0.996139	0.584559
-15.176	0.997069	0.56299
-14.8632	0.997904	0.560164
-15.7645	0.998338	0.57029
-17.4498	0.998695	0.551896
-19.1864	0.998694	0.546674
-19.8494	0.998769	0.549863
-18.455	0.998639	0.556059
-16.3487	0.998507	0.564354
-14.4964	0.998425	0.560987
-13.4289	0.998445	0.57291
-13.0642	0.998544	0.586316
-12.9412	0.998702	0.584356
-12.9946	0.998733	0.577923
-13.3326	0.99875	0.577943
-13.7717	0.998658	0.586813
-14.0392	0.998548	0.588447
-14.4354	0.998531	0.580499
-15.1562	0.998564	0.576593
-15.6161	0.998658	0.572976
-15.4704	0.998713	0.565347
-15.0725	0.998802	0.56116
-14.8366	0.998922	0.56225
-14.7626	0.999009	0.556494
-14.9034	0.999016	0.551098
-15.32	0.999063	0.554795
-15.7953	0.999097	0.5525
-16.3224	0.999107	0.546334
-16.887	0.99909	0.552491
-16.9392	0.999015	0.554176
-15.7701	0.998699	0.531858
-14.6735	0.998626	0.533789
-14.3947	0.998649	0.552772
-14.6298	0.998776	0.559921
-15.4893	0.998963	0.510363
-18.8461	0.999022	0.537914
-21.2612	0.998751	0.488442
-24.5419	0.998748	0.440559
-29.5643	0.998765	0.400225
-35.4004	0.998286	0.497391
-37.4792	0.977328	0.429147
-37.5217	0.931775	0.253369
-34.9413	0.987977	0.315903
-23.765	0.997556	0.386034
-21.3588	0.994148	0.446415
-19.4881	0.989491	0.493384
-21.2835	0.986005	0.478531
-26.062	0.993849	0.399852
-27.0886	0.993117	0.382167
-30.8643	0.993165	0.417983
-27.5782	0.996649	0.605223
-30.8283	0.996672	0.690462
-32.6362	0.997434	0.724239
-31.811	0.997285	0.765104
-33.952	0.997314	0.793279
-39.7876	0.997394	0.812657
-42.599	0.997364	0.796793
-44.8011	0.997416	0.78056
-49.259	0.997482	0.799417
-53.8914	0.997314	0.789794
-58.123	0.997348	0.745487
-60.3354	0.996994	0.649004
-48.9449	0.888345	0.200878
-41.0518	0.867438	0.279776
-45.575	0.897226	0.48033
-52.391	0.960734	0.472757
-54.2845	0.955067	0.301367
-59.0549	0.973754	0.399061
-62.2902	0.982485	0.408485
-66.6237	0.987455	0.530855
-71.2364	0.982836	0.445517
-68.6052	0.994193	0.529277
-64.9602	0.997552	0.704386
-68.6034	0.99034	0.756775
-66.0614	0.917178	0.524262
-59.0623	0.869407	0.74448
-60.4923	0.837737	0.578086
-60.7459	0.835821	0.529728
-54.4118	0.841191	0.745195
-55.0428	0.84515	0.653407
-54.362	0.827549	0.482522
-54.6294	0.826721	0.322297
-54.357	0.825455	0.397352
-54.9241	0.79762	0.432641
-54.7527	0.773573	0.389316
-56.1896	0.743575	0.39483
-57.1364	0.770432	0.513445
-57.8767	0.777055	0.657874
-58.8998	0.766934	0.451319
-58.9275	0.803504	0.488552
-57.2346	0.828625	0.731136
-59.2138	0.797349	0.501822
-58.2011	0.824472	0.545997
-60.876	0.81944	0.617352
-61.3836	0.82177	0.720701
-65.1506	0.7641	0.627754
-59.9245	0.823484	0.746617
-59.3615	0.822209	0.678938
-61.841	0.801172	0.574021
-61.1968	0.837297	0.63979
-63.5481	0.813172	0.777261
-65.4752	0.880578	0.679003
-69.4917	0.888684	0.464869
-71.8303	0.915375	0.340764
-73.8537	0.9362	0.486795
-75.8145	0.964231	0.479462
-73.4515	0.98727	0.687222
-78.4213	0.97513	0.515979
-74.7598	0.990802	0.444529
-74.942	0.99319	0.390348
-73.0391	0.995905	0.469892
-74.6439	0.994585	0.278732
-77.2522	0.992518	0.315209
-75.998	0.993404	0.436678
-71.436	0.997485	0.81055
-76.0879	0.993899	0.655155
-76.6379	0.993478	0.421553
-72.4781	0.996774	0.587234
-69.2468	0.998449	0.721249
-68.5939	0.998576	0.775519
-73.4034	0.996802	0.505218
-75.527	0.995432	0.662676
-69.8167	0.998321	0.78696
-73.4079	0.996874	0.688443
-71.561	0.99785	0.887674
-72.7512	0.989045	0.649627
-73.5127	0.831705	0.1929
-48.5615	0.992035	0.476309
-31.7595	0.993298	0.571218
-25.4246	0.986112	0.505375
-23.0873	0.972945	0.576631
-19.279	0.97706	0.548338
-17.5582	0.988596	0.618019
-15.5792	0.994737	0.663907
-13.9587	0.996861	0.662212
-12.53	0.99697	0.660705
-11.3219	0.997104	0.657602
-10.924	0.997415	0.655916
-10.885	0.99777	0.656546
-10.8805	0.998116	0.640815
-11.0879	0.998595	0.637078
-11.1784	0.998807	0.626232
-11.5489	0.998812	0.626602
-12.4155	0.998703	0.618576
-13.8882	0.997184	0.618969
-15.1952	0.995923	0.633881
-15.2015	0.996892	0.632735
-14.2503	0.998156	0.623601
-13.4704	0.997905	0.630015
-13.0668	0.998219	0.630103
-12.9001	0.998628	0.624467
-13.333	0.998646	0.630313
-14.2163	0.998576	0.623507
-15.7605	0.997574	0.604952
-18.9724	0.99188	0.574892
-24.9736	0.965932	0.520049
-34.0262	0.767532	0.428735
-41.5586	0.167684	0.172461
-43.5316	0.00732279	0.195197
-47.8718	0.125692	0.249084
-50.7624	0.79847	0.489229
-49.9949	0.959198	0.581101
-50.6698	0.911696	0.515046
-51.7559	0.800749	0.392695
-54.2344	0.89544	0.505748
-40.6059	0.99452	0.527758
-28.3302	0.997863	0.460246
-24.3864	0.997503	0.611009
-19.9977	0.998062	0.568274
-18.2956	0.998669	0.611396
-18.1589	0.99885	0.601725
-19.8813	0.998766	0.598813
-23.5658	0.998794	0.593533
-29.1661	0.99878	0.568456
-37.2513	0.998205	0.659739
-43.5854	0.998327	0.632661
-48.9499	0.998435	0.619673
-49.4098	0.922403	0.272642
-44.0417	0.938726	0.394906
-31.9455	0.997754	0.532452
-26.2519	0.997276	0.380375
-21.4019	0.997526	0.489558
-17.9428	0.997371	0.575798
-16.6273	0.997526	0.613645
-15.2263	0.998102	0.583515
-14.4475	0.998503	0.639589
-14.0278	0.998607	0.550772
-15.4324	0.998757	0.559597
-17.9971	0.998796	0.587379
-20.5864	0.99631	0.614581
-19.994	0.997122	0.547994
-21.6328	0.998288	0.568524
-25.2928	0.998659	0.573042
-31.5645	0.998432	0.550502
-41.4294	0.996534	0.475686
-40.2272	0.826782	0.401658
-35.8132	0.868808	0.266606
-27.1233	0.996261	0.412002
-21.8901	0.996592	0.571224
-18.0245	0.997201	0.561335
-16.0614	0.998029	0.589964
-15.3588	0.998445	0.61438
-14.7214	0.998533	0.582987
-15.8309	0.998717	0.542559
-17.9155	0.998877	0.548006
-20.0129	0.998958	0.555049
-20.6869	0.999046	0.559213
-20.118	0.998911	0.558894
-19.5197	0.99888	0.556956
-19.228	0.998793	0.563473
-18.7685	0.998775	0.567649
-18.0583	0.998748	0.577801
-17.2282	0.998758	0.579658
-16.7447	0.99874	0.589035
-16.1705	0.998711	0.580739
-15.6835	0.998645	0.573814
-15.5995	0.998579	0.57579
-15.7788	0.99854	0.588332
-15.9589	0.998507	0.577914
-16.2506	0.998555	0.566055
-16.5507	0.998639	0.580926
-16.453	0.99872	0.584541
-15.8591	0.998735	0.571356
-15.2716	0.998756	0.573149
-14.9464	0.998759	0.586962
-14.5783	0.998662	0.584623
-14.3067	0.998597	0.592136
-14.2221	0.998583	0.605151
-14.2774	0.998463	0.616823
-13.9581	0.998163	0.5959
-14.19	0.998257	0.59995
-14.7254	0.998551	0.638477
-14.4228	0.99856	0.608008
-14.3962	0.99871	0.629916
-14.9561	0.998739	0.651165
-15.7017	0.998699	0.643544
-16.9951	0.998687	0.624127
-19.8595	0.997259	0.602527
-25.2584	0.981127	0.600859
-32.0904	0.859318	0.529727
-38.0888	0.4587	0.43598
-38.677	0.212746	0.245341
-39.2704	0.143453	0.242807
-39.443	0.0213086	0.165275
-39.3498	0.0392685	0.208431
-38.0442	0.0330124	0.205158
-36.6647	-0.0528121	0.40773
-37.7588	-0.123864	0.351722
-38.2952	-0.171849	0.37596
-40.24	-0.154856	0.215429
-38.9032	0.0538655	0.280208
-35.0009	0.210303	0.474071
-38.28	0.266948	0.412941
-45.8027	0.459539	0.287326
-45.5866	0.581086	0.239551
-45.4311	0.612271	0.20934
-46.3008	0.709352	0.46278
-45.5374	0.781473	0.666071
-43.8274	0.802658	0.722959
-46.1863	0.73408	0.459379
-46.5016	0.763811	0.544855
-49.3753	0.760525	0.627192
-56.8037	0.851798	0.37923
-40.5407	0.994326	0.505917
-30.3185	0.996166	0.470131
-25.6702	0.997268	0.561105
-21.3255	0.997975	0.606085
-18.7111	0.998431	0.597432
-18.1422	0.998626	0.630012
-17.5324	0.998517	0.602843
-17.3607	0.998305	0.595461
-18.1326	0.998256	0.604225
-18.4639	0.9982	0.529353
-19.4652	0.997828	0.355606
-17.545	0.99785	0.345912
-18.2286	0.997778	0.373664
-15.7356	0.997746	0.442779
-15.3615	0.997792	0.486295
-16.3724	0.997834	0.324034
-15.1535	0.997893	0.285095
-17.4111	0.997978	0.292779
-15.8239	0.998004	0.349223
-17.3086	0.998021	0.446767
-17.3298	0.998091	0.54309
-17.2296	0.997792	0.529376
-17.4345	0.997215	0.658198
-16.397	0.997062	0.65682
-15.8692	0.996967	0.663289
-15.3929	0.997223	0.638476
-15.5153	0.997712	0.651621
-15.7031	0.998064	0.639646
-15.7925	0.998269	0.648102
-15.7412	0.998331	0.636026
-16.0294	0.998487	0.631127
-16.4084	0.998751	0.629207
-17.0102	0.998841	0.646535
-17.3419	0.998732	0.65718
-16.8443	0.998706	0.668009
-15.9562	0.998576	0.651126
-15.0843	0.998474	0.635958
-14.3565	0.998647	0.616136
-14.6684	0.998756	0.599813
-15.6221	0.998683	0.591531
-16.8721	0.998631	0.605343
-17.6227	0.998704	0.620975
-17.801	0.998738	0.644473
-17.435	0.998781	0.642297
-17.1784	0.998866	0.623282
-18.0679	0.998899	0.618334
-20.4861	0.998892	0.595704
-24.8996	0.998918	0.556041
-32.8209	0.998519	0.538103
-44.6607	0.997234	0.361283
-51.782	0.997726	0.341251
-52.3444	0.998435	0.560472
-54.7039	0.995759	0.599999
-38.6622	0.839694	0.326821
-31.7518	0.835818	0.308095
-36.4634	0.83559	0.26315
-41.3799	0.94658	0.449484
-30.4519	0.996694	0.4837
-25.6605	0.998038	0.605577
-21.6765	0.998479	0.611994
-19.3584	0.998718	0.595678
-19.6354	0.998425	0.583822
-22.6343	0.99105	0.54635
-29.2892	0.954494	0.555207
-36.0503	0.751838	0.4591
-38.0171	0.447068	0.275932
-38.3638	0.335018	0.225784
-43.0871	0.355134	0.20461
-47.5912	0.797714	0.214694
-52.6932	0.95436	0.357096
-55.834	0.946495	0.387572
-56.8784	0.953383	0.262412
-59.4926	0.876343	0.276007
-59.9505	0.849095	0.364758
-61.8111	0.897325	0.336452
-63.1452	0.81405	0.221202
-58.916	0.741815	0.14799
-56.0496	0.762224	0.0867113
-44.801	0.855421	0.199819
-37.7391	0.812668	0.387475
-34.5787	0.952521	0.355841
-30.4353	0.992698	0.236926
-27.1251	0.994549	0.189963
-26.7143	0.983918	0.316856
-28.9148	0.98112	0.276966
-28.6133	0.995135	0.34996
-29.3439	0.997201	0.527428
-31.1289	0.995795	0.606826
-32.4807	0.990267	0.280888
-26.6972	0.986574	0.129067
-24.953	0.991956	0.285461
-25.3747	0.989759	0.245277
-26.157	0.97977	0.194525
-26.3353	0.989058	0.192285
-25.0284	0.99004	0.181038
-26.7206	0.995984	0.231786
-28.7919	0.997581	0.187442
-35.8114	0.996938	0.204832
-39.1917	0.996769	0.548195
-41.0975	0.997008	0.623668
-47.9134	0.995621	0.57177
-51.2141	0.994592	0.635227
-51.6633	0.986096	0.251614
-37.1422	0.990279	0.0956436
-35.6699	0.989438	0.303873
-30.7028	0.992407	0.236799
-32.0377	0.991127	0.229345
-29.7675	0.993159	0.144429
-29.9604	0.994169	0.368165
-29.2208	0.996615	0.516418
-27.1486	0.996135	0.519073
-30.3153	0.9975	0.360108
-29.0813	0.997404	0.35866
-26.3761	0.99749	0.260707
-26.2031	0.997489	0.190048
-23.6861	0.997458	0.307378
-23.003	0.997845	0.386641
-24.5398	0.997871	0.344271
-25.8854	0.997402	0.438013
-27.1744	0.997384	0.512698
-27.8618	0.997799	0.48702
-27.423	0.997648	0.435926
-29.3932	0.99761	0.578779
-32.3244	0.997563	0.707791
-35.7579	0.99734	0.716269
-32.561	0.998221	0.473207
-33.5094	0.998713	0.6131
-32.313	0.998751	0.590614
-32.3429	0.998767	0.617818
-33.9997	0.998753	0.568182
-39.6437	0.998785	0.643043
-45.4331	0.998712	0.627585
-51.0698	0.998726	0.531376
-60.3957	0.99794	0.479775
-64.1508	0.99822	0.372289
-65.7527	0.997293	0.526598
-67.858	0.990905	0.414431
-63.842	0.996137	0.365721
-64.9174	0.997973	0.374856
-70.0952	0.997048	0.418286
-73.1369	0.995757	0.288306
-73.0117	0.996215	0.319273
-72.6898	0.997018	0.618791
-75.5734	0.994934	0.443994
-75.7275	0.995104	0.376189
-74.29	0.995915	0.213515
-74.6631	0.995804	0.182334
-74.5873	0.996207	0.519762
-66.3172	0.999424	0.879975
-65.9265	0.999382	0.873502
-73.1297	0.997228	0.764809
-71.9169	0.997426	0.753957
-72.0715	0.997325	0.631578
-72.3124	0.997832	0.803349
-73.8165	0.996149	0.687686
-70.4921	0.998428	0.845043
-74.69	0.995786	0.636403
-78.5094	0.986574	0.500573
-75.2455	0.95243	0.434267
-70.3076	0.688784	0.55935
-65.7029	0.467499	0.440725
-62.8716	0.485555	0.5684
-61.2887	0.383829	0.460054
-59.9589	0.19112	0.298976
-58.3538	0.455372	0.402046
-56.9446	0.463044	0.334518
-56.593	0.345476	0.308509
-55.2846	0.308342	0.270277
-54.0556	0.400383	0.330315
-52.856	0.0923561	0.363984
-53.2063	0.327803	0.431421
-51.2662	0.556988	0.491918
-52.81	0.528618	0.390764
-52.3077	0.470959	0.308209
-52.0215	0.572354	0.418744
-50.6367	0.63603	0.599195
-52.0057	0.562029	0.360424
-53.7428	0.403911	0.21347
-53.3583	0.603236	0.510712
-53.7406	0.478188	0.480731
-53.685	0.588615	0.502582
-54.4267	0.479099	0.401008
-55.8835	0.21412	0.330819
-56.0007	0.32667	0.390187
-55.2892	0.456983	0.394595
-55.8985	0.489289	0.471985
-56.3111	0.455548	0.448918
-57.1653	0.498633	0.531535
-59.3081	0.392239	0.390105
-59.3721	0.520299	0.382915
-61.3096	0.43497	0.285021
-60.5212	0.454548	0.450497
-62.1635	0.506641	0.456478
-62.9002	0.384428	0.520805
-64.8412	0.314839	0.381078
-64.7789	0.316051	0.313161
-60.6162	0.418591	0.59867
-57.2376	0.80263	0.783882
-59.3524	0.839358	0.738608
-64.4743	0.608057	0.499385
-64.7505	0.597571	0.579946
-63.9462	0.727953	0.610871
-66.5052	0.663425	0.529152
-64.2789	0.715863	0.463535
-60.4087	0.775908	0.535022
-62.7839	0.764546	0.560918
