0.0 0.0 0.0 0.6265222430229187
0.0 0.0 9.508562088012695 0.6281347870826721
0.0 0.0 7.6406168937683105 0.5755449533462524
0.0 0.0 7.649105072021484 0.5829284191131592
0.0 0.0 7.550901889801025 0.4722013771533966
0.0 0.0 6.090676307678223 0.5317693948745728
0.0 0.0 6.392477512359619 0.5377300381660461
0.0 0.0 3.3597733974456787 0.42470425367355347
0.0 0.0 4.583850383758545 0.5444185137748718
0.0 0.0 5.268646240234375 0.580331563949585
0.0 0.0 8.277749061584473 0.49528396129608154
0.0 0.0 4.1908111572265625 0.5368793606758118
0.0 0.0 5.856324195861816 0.4848598837852478
0.0 0.0 4.226386070251465 0.764019787311554
0.0 0.0 7.329741954803467 0.7025235295295715
0.0 0.0 4.558493137359619 0.36917588114738464
0.0 0.0 3.5897867679595947 0.4071042537689209
0.0 0.0 5.832562446594238 0.5639272332191467
0.0 0.0 5.0907063484191895 0.5090723037719727
0.0 0.0 2.9755308628082275 0.4396866261959076
0.0 0.0 5.806915760040283 0.67038893699646
0.0 0.0 4.687250137329102 0.6844517588615417
0.0 0.0 4.265420436859131 0.7578027844429016
0.0 0.0 7.894392013549805 0.6159818172454834
0.0 0.0 10.558141708374023 0.6065667867660522
0.0 0.0 8.137735366821289 0.7611876726150513
0.0 0.0 4.9746575355529785 0.6430808901786804
0.0 0.0 4.3358283042907715 0.5240010023117065
232.2259063720703 1.0 8.951289176940918 0.6557652950286865
191.92608642578125 1.0 7.602987766265869 0.5879921913146973
187.22695922851562 1.0 10.255681037902832 0.8107306957244873
187.5971221923828 1.0 9.306066513061523 0.7350211143493652
193.98475646972656 1.0 5.659956932067871 0.5537717342376709
198.74234008789062 1.0 5.657464504241943 0.512649416923523
203.43780517578125 1.0 6.509524345397949 0.5340234637260437
0.0 0.0 4.040544509887695 0.500501275062561
0.0 0.0 3.2064993381500244 0.6210893392562866
0.0 0.0 5.153675079345703 0.748461127281189
0.0 0.0 4.729920387268066 0.6463366746902466
0.0 0.0 4.109865188598633 0.5769200325012207
0.0 0.0 4.189037322998047 0.46469181776046753
0.0 0.0 7.393985748291016 0.5819523930549622
0.0 0.0 2.1678178310394287 0.6555283665657043
0.0 0.0 5.693027496337891 0.5732574462890625
0.0 0.0 8.390584945678711 0.0
0.0 0.0 14.563667297363281 0.8286371827125549
144.19021606445312 1.0 233.30223083496094 0.623202919960022
144.5696258544922 1.0 834.1044921875 0.7575014233589172
143.50953674316406 1.0 2988.72509765625 0.7184027433395386
125.72626495361328 1.0 3801.962158203125 0.8964534401893616
126.17320251464844 1.0 5664.453125 0.9558097720146179
124.18339538574219 1.0 8843.046875 0.9536504149436951
123.42828369140625 1.0 10130.873046875 0.9722363352775574
123.70796203613281 1.0 10595.1044921875 0.9906052350997925
123.37843322753906 1.0 10893.3076171875 0.9984195828437805
122.83023071289062 1.0 11206.873046875 0.9995128512382507
122.83507537841797 1.0 11153.244140625 0.9995457530021667
123.47085571289062 1.0 10967.8740234375 0.9981602430343628
124.43462371826172 1.0 10649.1083984375 0.9978546500205994
125.18386840820312 1.0 9887.8310546875 0.9984995126724243
125.4303207397461 1.0 9206.2236328125 0.9986039400100708
125.42860412597656 1.0 8638.69921875 0.9989777207374573
125.69810485839844 1.0 8041.5205078125 0.9989732503890991
126.34869384765625 1.0 7062.90625 0.9983839988708496
127.11237335205078 1.0 5826.732421875 0.9976286888122559
127.90080261230469 1.0 4325.52587890625 0.9932342767715454
129.07974243164062 1.0 2680.27001953125 0.9846035242080688
126.47918701171875 1.0 1566.41943359375 0.9692996740341187
122.04090881347656 1.0 1258.5772705078125 0.9596288800239563
118.75707244873047 1.0 981.35986328125 0.8211808204650879
0.0 0.0 563.1051635742188 0.2640579640865326
0.0 0.0 409.16717529296875 0.14186541736125946
0.0 0.0 508.38787841796875 0.18344932794570923
0.0 0.0 501.8825378417969 0.29049229621887207
0.0 0.0 725.0501098632812 0.38692906498908997
0.0 0.0 581.0340576171875 0.46574515104293823
0.0 0.0 760.2594604492188 0.2399444878101349
0.0 0.0 583.0172119140625 0.2933940887451172
0.0 0.0 667.4136352539062 0.31278669834136963
0.0 0.0 625.5169067382812 0.11115080863237381
0.0 0.0 341.59381103515625 0.33413079380989075
0.0 0.0 190.84739685058594 0.7504168748855591
129.92425537109375 1.0 1321.3170166015625 0.8658950328826904
125.82845306396484 1.0 2725.805908203125 0.9543752670288086
122.29408264160156 1.0 4474.97509765625 0.9718557596206665
119.64510345458984 1.0 6235.67236328125 0.9845658540725708
118.1456527709961 1.0 7243.1298828125 0.9922575354576111
117.80352783203125 1.0 8106.09228515625 0.9971921443939209
117.88018035888672 1.0 8637.791015625 0.9990373849868774
118.34590911865234 1.0 8761.31640625 0.9990119338035583
119.23543548583984 1.0 8722.001953125 0.9988865256309509
121.31182861328125 1.0 8617.5634765625 0.9856305718421936
121.375732421875 1.0 8522.1875 0.9862098097801208
120.96134185791016 1.0 8529.361328125 0.9956863522529602
122.07115936279297 1.0 7890.88330078125 0.9949812889099121
122.98390197753906 1.0 7668.1767578125 0.9971540570259094
123.50651550292969 1.0 7966.009765625 0.9977930784225464
124.06548309326172 1.0 8235.8720703125 0.9980791807174683
124.64921569824219 1.0 8617.736328125 0.9969232082366943
123.9906005859375 1.0 8818.279296875 0.9933184385299683
122.20362091064453 1.0 8794.5849609375 0.9925135374069214
120.67889404296875 1.0 8451.4619140625 0.9942827820777893
119.4865951538086 1.0 7912.87841796875 0.9935398697853088
118.34647369384766 1.0 6950.98779296875 0.992957353591919
119.73258972167969 1.0 6162.80078125 0.9895613193511963
121.44905853271484 1.0 6239.86669921875 0.9924370050430298
122.00749969482422 1.0 7091.55029296875 0.9882552623748779
120.45040130615234 1.0 8015.54931640625 0.9740687608718872
116.94734954833984 1.0 7886.10205078125 0.9685350656509399
116.8987045288086 1.0 5407.93212890625 0.9509055614471436
122.43601989746094 1.0 1697.96533203125 0.7845787405967712
122.32596588134766 1.0 744.4082641601562 0.46616843342781067
121.95455169677734 1.0 572.6140747070312 0.22490853071212769
125.96733856201172 1.0 426.7989196777344 0.27409490942955017
115.88059997558594 1.0 127.94073486328125 0.3418174684047699
115.96245574951172 1.0 68.81829833984375 0.8620448708534241
118.44187927246094 1.0 48.813018798828125 0.9025622010231018
122.08563995361328 1.0 28.58522605895996 0.7989194393157959
123.64395141601562 1.0 21.460994720458984 0.4725445508956909
139.46580505371094 1.0 58.928043365478516 0.21873347461223602
153.5936279296875 1.0 159.585205078125 0.7560266256332397
123.13589477539062 1.0 528.811279296875 0.8685047030448914
122.87406158447266 1.0 1587.7001953125 0.9755328893661499
122.21155548095703 1.0 3411.27783203125 0.988097608089447
121.48409271240234 1.0 5143.09228515625 0.9901576042175293
119.95963287353516 1.0 6336.70556640625 0.9822288751602173
117.54972839355469 1.0 6697.81298828125 0.968574047088623
117.11585998535156 1.0 5152.60693359375 0.9638570547103882
117.47805786132812 1.0 1953.77587890625 0.8704845309257507
0.0 0.0 602.303466796875 0.553460955619812
0.0 0.0 371.4745788574219 0.3124273121356964
0.0 0.0 336.24749755859375 0.17995978891849518
0.0 0.0 214.66090393066406 0.30669957399368286
0.0 0.0 138.55630493164062 0.6155737042427063
0.0 0.0 83.71092987060547 0.8425160050392151
126.79307556152344 1.0 822.5090942382812 0.808519721031189
123.84600067138672 1.0 1716.700927734375 0.9523032903671265
121.99320220947266 1.0 3553.85791015625 0.9757509231567383
120.89152526855469 1.0 5181.37890625 0.9907730221748352
120.3399887084961 1.0 6280.04345703125 0.9952188730239868
119.65383911132812 1.0 6945.30224609375 0.9970119595527649
119.30741119384766 1.0 7329.9873046875 0.998927652835846
119.05937194824219 1.0 7557.28857421875 0.99944007396698
118.70973205566406 1.0 7727.08642578125 0.999476432800293
118.09307098388672 1.0 7874.09228515625 0.9992495179176331
117.51240539550781 1.0 8031.13671875 0.9996324181556702
117.19633483886719 1.0 8024.22412109375 0.9995405077934265
117.06192779541016 1.0 8106.47314453125 0.9997450709342957
117.48764038085938 1.0 7999.19189453125 0.9988850951194763
118.80030059814453 1.0 7732.7578125 0.9986273646354675
119.48739624023438 1.0 7286.13720703125 0.9997244477272034
118.93949890136719 1.0 7054.26318359375 0.9982885718345642
117.85025024414062 1.0 6367.99951171875 0.9974413514137268
116.67666625976562 1.0 5101.396484375 0.9976420998573303
116.6554946899414 1.0 3324.806640625 0.9970777034759521
119.38274383544922 1.0 1948.3558349609375 0.9917925000190735
121.93770599365234 1.0 1323.9918212890625 0.9949661493301392
119.27721405029297 1.0 1216.96240234375 0.9686328768730164
115.90572357177734 1.0 1641.293701171875 0.994839072227478
115.92916107177734 1.0 3100.2421875 0.9962688684463501
117.20761108398438 1.0 4469.89501953125 0.9941115379333496
118.06192779541016 1.0 5806.1025390625 0.9959220886230469
116.96199798583984 1.0 6744.7119140625 0.9927451610565186
114.99395751953125 1.0 6976.39013671875 0.9885269403457642
112.9924087524414 1.0 6538.17333984375 0.9909424781799316
111.38058471679688 1.0 6068.94189453125 0.9925732612609863
111.16322326660156 1.0 5297.59423828125 0.9947991967201233
111.76332092285156 1.0 5284.52294921875 0.9950907826423645
111.09976196289062 1.0 5478.890625 0.9959930777549744
110.78219604492188 1.0 5601.85986328125 0.9976491332054138
111.39137268066406 1.0 5507.9697265625 0.9959818720817566
113.3622055053711 1.0 5262.5859375 0.9865412712097168
114.80963134765625 1.0 4960.86767578125 0.9776793122291565
113.90379333496094 1.0 3154.98486328125 0.9852814674377441
117.46025085449219 1.0 1166.9476318359375 0.9679811596870422
117.72259521484375 1.0 301.351806640625 0.9257385730743408
0.0 0.0 116.37794494628906 0.3502177298069
0.0 0.0 125.34121704101562 0.8084262609481812
134.6627960205078 1.0 497.2016296386719 0.6189371347427368
116.98377227783203 1.0 497.13250732421875 0.88686603307724
116.29393005371094 1.0 1847.474853515625 0.957668662071228
115.2471923828125 1.0 3698.43896484375 0.9855307340621948
114.59679412841797 1.0 4683.41015625 0.9939680099487305
114.21527862548828 1.0 5556.10791015625 0.9961913228034973
113.9627914428711 1.0 6012.20751953125 0.9971604347229004
113.63639831542969 1.0 6261.02587890625 0.9987697005271912
112.86624145507812 1.0 6355.046875 0.9982543587684631
111.4073715209961 1.0 6193.33349609375 0.9978938102722168
110.08617401123047 1.0 5775.30126953125 0.9985409379005432
109.87495422363281 1.0 5444.64306640625 0.9983108043670654
110.73516845703125 1.0 5515.974609375 0.996677041053772
111.00328826904297 1.0 5799.3232421875 0.9960419535636902
110.39952087402344 1.0 5839.08740234375 0.9916200637817383
109.31266021728516 1.0 5489.70703125 0.9928012490272522
109.57894897460938 1.0 5234.94189453125 0.9969330430030823
110.21087646484375 1.0 5424.78466796875 0.9984541535377502
110.93177032470703 1.0 5726.36328125 0.9987668395042419
110.87105560302734 1.0 6075.3349609375 0.9984002113342285
110.21943664550781 1.0 6286.6220703125 0.9982543587684631
109.21226501464844 1.0 6284.125 0.9972537755966187
108.31111145019531 1.0 6115.7314453125 0.9971488118171692
108.29745483398438 1.0 5779.14404296875 0.980137825012207
109.25736236572266 1.0 5527.5224609375 0.9816765785217285
108.93646240234375 1.0 6332.537109375 0.989888072013855
107.53870391845703 1.0 6217.20849609375 0.9906872510910034
105.83345031738281 1.0 5517.26416015625 0.9884279370307922
102.5706558227539 1.0 4131.23876953125 0.9633455872535706
100.10254669189453 1.0 2694.53076171875 0.8540229201316833
103.18109130859375 1.0 1707.4874267578125 0.6618263125419617
97.41895294189453 1.0 1094.0302734375 0.5766263008117676
175.22813415527344 1.0 402.6371765136719 0.6127662062644958
186.91641235351562 1.0 276.8724670410156 0.6689325571060181
118.97103881835938 1.0 308.9671630859375 0.4224177598953247
113.53844451904297 1.0 1139.3516845703125 0.9011743068695068
113.67743682861328 1.0 2705.7099609375 0.9708494544029236
112.98312377929688 1.0 3931.891357421875 0.9870039224624634
111.3729019165039 1.0 4732.84521484375 0.9910804033279419
110.32181549072266 1.0 4820.93505859375 0.9958187341690063
110.40020751953125 1.0 4796.63671875 0.9966390132904053
110.9053955078125 1.0 5101.28662109375 0.994253396987915
110.23771667480469 1.0 5411.35302734375 0.9604591727256775
108.66471099853516 1.0 4109.6943359375 0.9101390838623047
111.62350463867188 1.0 2736.85302734375 0.854775607585907
117.93587493896484 1.0 1777.7696533203125 0.8954632878303528
115.06774139404297 1.0 2539.6787109375 0.9770691394805908
112.48899841308594 1.0 4596.8466796875 0.9767323136329651
110.2371597290039 1.0 5780.25537109375 0.9122714400291443
105.32413482666016 1.0 4679.734375 0.8276091814041138
96.07308197021484 1.0 1853.9281005859375 0.8861022591590881
92.52465057373047 1.0 1040.9169921875 0.7808329463005066
89.01956176757812 1.0 662.3178100585938 0.7470343708992004
91.15217590332031 1.0 268.54742431640625 0.6952325105667114
96.89908599853516 1.0 214.37728881835938 0.4880131781101227
0.0 0.0 97.41936492919922 0.2644667625427246
171.09812927246094 1.0 195.64906311035156 0.5147654414176941
178.7659912109375 1.0 423.9651794433594 0.6322061419487
178.749755859375 1.0 408.12896728515625 0.7701467275619507
178.89764404296875 1.0 955.9229736328125 0.8359174132347107
182.1220703125 1.0 1164.2608642578125 0.8507704734802246
184.01278686523438 1.0 1277.5333251953125 0.8056015968322754
187.59548950195312 1.0 374.17816162109375 0.7433716654777527
185.0869903564453 1.0 367.7215576171875 0.642832338809967
185.05023193359375 1.0 467.4410705566406 0.5567266941070557
185.09303283691406 1.0 265.6243591308594 0.842401385307312
182.48753356933594 1.0 188.72833251953125 0.9233977794647217
182.02191162109375 1.0 96.7961654663086 0.928424060344696
183.32498168945312 1.0 53.05427169799805 0.8958444595336914
0.0 0.0 31.103683471679688 0.5446840524673462
0.0 0.0 45.977745056152344 0.3273276388645172
0.0 0.0 22.405593872070312 0.33155468106269836
0.0 0.0 149.70443725585938 0.2961921989917755
0.0 0.0 57.197021484375 0.3025708496570587
0.0 0.0 30.964879989624023 0.2678333520889282
0.0 0.0 17.50460433959961 0.4144316017627716
0.0 0.0 14.997559547424316 0.34425559639930725
0.0 0.0 13.407492637634277 0.590399980545044
0.0 0.0 11.179193496704102 0.6194873452186584
0.0 0.0 5.761955261230469 0.5864017605781555
0.0 0.0 15.523592948913574 0.5090861916542053
0.0 0.0 14.497493743896484 0.5491886138916016
0.0 0.0 20.733591079711914 0.2143581658601761
0.0 0.0 29.00129508972168 0.4873751997947693
123.16565704345703 1.0 112.58306121826172 0.7615978717803955
121.18197631835938 1.0 1230.18994140625 0.9281702041625977
120.80475616455078 1.0 2870.527587890625 0.9698196649551392
119.4095687866211 1.0 4572.8798828125 0.9847229719161987
117.66580200195312 1.0 5658.3017578125 0.9963038563728333
116.87554931640625 1.0 6665.68115234375 0.9970036149024963
115.86019134521484 1.0 7122.8037109375 0.997046172618866
115.05985260009766 1.0 6930.27880859375 0.9840457439422607
115.03260040283203 1.0 5640.73291015625 0.9676701426506042
116.33661651611328 1.0 2651.0830078125 0.9267497062683105
125.86790466308594 1.0 625.1470336914062 0.8731375932693481
126.50120544433594 1.0 229.2494354248047 0.3308235704898834
156.6932830810547 1.0 308.1333923339844 0.4425976574420929
120.01506042480469 1.0 627.9907836914062 0.8000044226646423
117.54277038574219 1.0 2282.52734375 0.9497402906417847
115.9503402709961 1.0 4025.43603515625 0.9095457196235657
112.43314361572266 1.0 4534.29541015625 0.8184582591056824
104.62451934814453 1.0 2895.59912109375 0.6268717050552368
92.70531463623047 1.0 1814.7232666015625 0.7837005853652954
90.30387115478516 1.0 528.1148681640625 0.6599012613296509
90.1277084350586 1.0 414.31439208984375 0.8701183795928955
92.3517837524414 1.0 225.02194213867188 0.8307191729545593
91.96809387207031 1.0 105.86738586425781 0.4941815137863159
98.60786437988281 1.0 73.25548553466797 0.6018601059913635
0.0 0.0 32.966121673583984 0.3259614408016205
0.0 0.0 26.90001106262207 0.410395085811615
0.0 0.0 165.83106994628906 0.36516842246055603
0.0 0.0 153.001953125 0.7004870176315308
103.6583023071289 1.0 1126.6534423828125 0.7369170784950256
111.85398864746094 1.0 2012.7728271484375 0.8861594200134277
110.01579284667969 1.0 2976.144775390625 0.9522109031677246
109.14447021484375 1.0 4888.1171875 0.9763160347938538
107.5203628540039 1.0 5713.93310546875 0.9716356992721558
104.79706573486328 1.0 5187.58154296875 0.9696453809738159
100.11444091796875 1.0 3841.54345703125 0.9705435633659363
102.520263671875 1.0 3226.74267578125 0.9585538506507874
105.4426498413086 1.0 4315.37451171875 0.9895027279853821
106.52657318115234 1.0 6007.73779296875 0.9943856000900269
107.08881378173828 1.0 7001.62744140625 0.9982966184616089
106.95259094238281 1.0 7183.24169921875 0.9983804821968079
106.70208740234375 1.0 7024.9375 0.9984736442565918
106.07301330566406 1.0 6526.17822265625 0.9968146085739136
104.568115234375 1.0 6202.8955078125 0.9925193190574646
103.2666015625 1.0 5558.45654296875 0.9953182339668274
103.44072723388672 1.0 5221.9443359375 0.9969757199287415
103.4009017944336 1.0 5620.16748046875 0.9961618185043335
102.94352722167969 1.0 5830.6162109375 0.9954858422279358
102.21656036376953 1.0 5736.001953125 0.9956327676773071
100.6604232788086 1.0 5320.00927734375 0.9929265975952148
99.38267517089844 1.0 4864.7470703125 0.9890902638435364
101.14295196533203 1.0 4533.11474609375 0.97920161485672
102.54692077636719 1.0 5190.15625 0.9902302026748657
102.71186828613281 1.0 6025.63037109375 0.9937472939491272
102.2657699584961 1.0 5911.515625 0.9637877345085144
99.93992614746094 1.0 4567.06689453125 0.9346407055854797
98.22046661376953 1.0 2757.0947265625 0.9339055418968201
98.00215911865234 1.0 1377.943603515625 0.8438265323638916
93.32484436035156 1.0 525.053955078125 0.7944991588592529
101.4483871459961 1.0 441.6671447753906 0.30310365557670593
113.07261657714844 1.0 510.8018493652344 0.45655357837677
113.07416534423828 1.0 2516.2705078125 0.7287479639053345
113.86930847167969 1.0 3404.91259765625 0.8058141469955444
120.76742553710938 1.0 2060.185546875 0.4918423593044281
156.58200073242188 1.0 1422.269775390625 0.4428475499153137
182.0478515625 1.0 1104.2431640625 0.7410569787025452
185.775634765625 1.0 899.2764282226562 0.8173598647117615
183.33499145507812 1.0 726.4369506835938 0.9180333614349365
183.33322143554688 1.0 637.2362670898438 0.980959415435791
179.25064086914062 1.0 252.39108276367188 0.9475814700126648
179.84112548828125 1.0 182.97970581054688 0.9765272736549377
178.34030151367188 1.0 88.55912780761719 0.945475161075592
179.8032989501953 1.0 39.49555969238281 0.8268353939056396
0.0 0.0 37.53385543823242 0.30280765891075134
0.0 0.0 288.150390625 0.2997515797615051
0.0 0.0 105.9188461303711 0.43078893423080444
0.0 0.0 61.8831787109375 0.5153563618659973
0.0 0.0 30.332279205322266 0.5883519649505615
0.0 0.0 14.74471378326416 0.5037488341331482
0.0 0.0 7.737573623657227 0.4001329243183136
0.0 0.0 18.245811462402344 0.6458178758621216
0.0 0.0 10.987265586853027 0.6115704774856567
0.0 0.0 35.99673843383789 0.39802923798561096
0.0 0.0 26.17351722717285 0.4980946481227875
0.0 0.0 61.26895523071289 0.30985936522483826
0.0 0.0 53.56822967529297 0.364296555519104
0.0 0.0 58.95310974121094 0.1379590928554535
0.0 0.0 59.77849197387695 0.23989762365818024
0.0 0.0 58.565982818603516 0.44094178080558777
0.0 0.0 47.2041015625 0.4200175106525421
0.0 0.0 40.813865661621094 0.5048600435256958
0.0 0.0 34.32010269165039 0.2911536395549774
0.0 0.0 44.16292190551758 0.5359250903129578
0.0 0.0 34.86155319213867 0.4230422079563141
0.0 0.0 28.294612884521484 0.6131947040557861
0.0 0.0 22.261966705322266 0.3896143138408661
0.0 0.0 32.30803298950195 0.26911354064941406
0.0 0.0 27.122238159179688 0.24526862800121307
0.0 0.0 27.969785690307617 0.0
0.0 0.0 18.516069412231445 0.3528875410556793
0.0 0.0 10.500048637390137 0.6092274785041809
0.0 0.0 7.795724391937256 0.49414265155792236
0.0 0.0 5.034906387329102 0.46420392394065857
0.0 0.0 5.092545986175537 0.4231179356575012
0.0 0.0 5.892642021179199 0.4602784216403961
0.0 0.0 6.421605110168457 0.6360726356506348
0.0 0.0 5.886162281036377 0.3645520508289337
0.0 0.0 3.6209540367126465 0.5783042907714844
0.0 0.0 8.685237884521484 0.5941507816314697
0.0 0.0 3.4571266174316406 0.371246874332428
0.0 0.0 7.482792377471924 0.5891366004943848
0.0 0.0 11.946964263916016 0.766741156578064
0.0 0.0 6.707756042480469 0.5051223635673523
0.0 0.0 8.518936157226562 0.44154685735702515
0.0 0.0 6.603935241699219 0.0
0.0 0.0 8.741592407226562 0.0
0.0 0.0 5.914519309997559 0.9543442726135254
143.52354431152344 1.0 335.2416076660156 0.5643655061721802
130.58982849121094 1.0 1716.53125 0.7818205952644348
128.53030395507812 1.0 2964.83349609375 0.8644696474075317
126.92284393310547 1.0 4205.041015625 0.9523792266845703
124.71842193603516 1.0 5745.251953125 0.9856816530227661
123.25347900390625 1.0 7522.6982421875 0.9882686138153076
121.5814437866211 1.0 8892.69140625 0.9934815764427185
119.99419403076172 1.0 9096.3896484375 0.9886549711227417
117.89298248291016 1.0 9024.5419921875 0.9846890568733215
115.52649688720703 1.0 8804.4677734375 0.9867665767669678
114.13948059082031 1.0 8125.3232421875 0.9938239455223083
113.70804595947266 1.0 6436.04736328125 0.9887218475341797
115.22955322265625 1.0 5439.86962890625 0.9883284568786621
115.70072174072266 1.0 6178.0380859375 0.9929144978523254
115.43084716796875 1.0 6933.29541015625 0.995807945728302
115.63506317138672 1.0 7226.60009765625 0.9962751269340515
114.93954467773438 1.0 6595.4619140625 0.9890143275260925
113.86371612548828 1.0 5196.2763671875 0.9715290069580078
113.31905364990234 1.0 2636.6513671875 0.9248626232147217
119.35905456542969 1.0 610.1378173828125 0.4940456748008728
126.37053680419922 1.0 234.8753662109375 0.1895708292722702
115.95912170410156 1.0 127.33863067626953 0.5001975297927856
115.10507202148438 1.0 101.14080047607422 0.8360938429832458
115.4512939453125 1.0 93.2386245727539 0.682336151599884
146.4785919189453 1.0 68.0728530883789 0.8219310641288757
125.27335357666016 1.0 264.3434143066406 0.6817460656166077
119.79647064208984 1.0 1606.8636474609375 0.8870493769645691
118.12053680419922 1.0 3200.3447265625 0.9408988952636719
117.03421783447266 1.0 4071.4130859375 0.9606705904006958
115.72663116455078 1.0 3233.948974609375 0.9681910276412964
118.1796875 1.0 1567.4398193359375 0.9559478759765625
125.91537475585938 1.0 422.7358703613281 0.9450938701629639
125.87176513671875 1.0 151.47610473632812 0.5573117136955261
145.71319580078125 1.0 104.85279083251953 0.7810376882553101
105.60125732421875 1.0 360.8195495605469 0.5548279285430908
115.4766616821289 1.0 1534.3505859375 0.8382105231285095
116.89542388916016 1.0 3313.942626953125 0.9344564080238342
116.57366180419922 1.0 4689.63720703125 0.9617375731468201
114.42372131347656 1.0 5869.2568359375 0.9436720609664917
112.03404235839844 1.0 6368.572265625 0.9382300972938538
111.6415786743164 1.0 4872.99169921875 0.9418760538101196
111.50914001464844 1.0 2951.251708984375 0.9115102887153625
113.45594787597656 1.0 3056.600341796875 0.9327241778373718
116.83142852783203 1.0 1726.51025390625 0.9482097625732422
121.66436767578125 1.0 479.6247863769531 0.40785497426986694
138.79371643066406 1.0 304.83941650390625 0.5905005931854248
114.3809814453125 1.0 768.8610229492188 0.8690817952156067
113.19937896728516 1.0 2545.1015625 0.9633063077926636
112.07076263427734 1.0 4605.50341796875 0.9864787459373474
110.32859802246094 1.0 5427.4658203125 0.9696780443191528
108.30461120605469 1.0 5702.10400390625 0.9565227031707764
103.4816665649414 1.0 4050.24560546875 0.9595184922218323
101.7955322265625 1.0 2942.729248046875 0.9837389588356018
103.08397674560547 1.0 3141.6298828125 0.996109127998352
103.55351257324219 1.0 3442.766845703125 0.9962012767791748
104.32959747314453 1.0 3672.113525390625 0.9968425035476685
105.2661361694336 1.0 4186.689453125 0.9979400038719177
106.30059814453125 1.0 4632.85400390625 0.9979591369628906
106.61095428466797 1.0 5103.56298828125 0.9983099102973938
106.70191192626953 1.0 5292.6259765625 0.9983252882957458
105.61100769042969 1.0 5150.8935546875 0.9943034648895264
105.15577697753906 1.0 4906.5849609375 0.9966385364532471
105.63082885742188 1.0 4761.1630859375 0.9980419874191284
106.49684143066406 1.0 5131.7431640625 0.9969673156738281
107.57150268554688 1.0 5619.35791015625 0.9988600015640259
108.68305969238281 1.0 5949.67578125 0.9978992938995361
111.09358215332031 1.0 6161.45263671875 0.9772117733955383
113.4130859375 1.0 6148.80078125 0.9704998135566711
113.3431396484375 1.0 6317.07763671875 0.9805519580841064
115.75360107421875 1.0 5826.36181640625 0.9652977585792542
119.93392944335938 1.0 6068.66162109375 0.977010190486908
120.57781219482422 1.0 5695.1884765625 0.9855821132659912
119.21629333496094 1.0 4948.35693359375 0.9763429760932922
118.61463165283203 1.0 3231.23779296875 0.97042316198349
120.5945053100586 1.0 1178.999267578125 0.7951145172119141
0.0 0.0 389.3843078613281 0.4434470534324646
0.0 0.0 358.40277099609375 0.21620264649391174
0.0 0.0 339.0007019042969 0.1708153784275055
0.0 0.0 350.590576171875 0.18873263895511627
0.0 0.0 470.11285400390625 0.12636835873126984
0.0 0.0 385.00701904296875 0.22236984968185425
0.0 0.0 307.15625 0.1508861631155014
0.0 0.0 491.88812255859375 0.18077155947685242
0.0 0.0 385.4282531738281 0.26881492137908936
0.0 0.0 152.77371215820312 0.2083939164876938
0.0 0.0 171.0494384765625 0.4299202263355255
0.0 0.0 155.0660400390625 0.6949118375778198
0.0 0.0 206.9356689453125 0.2134266197681427
0.0 0.0 145.2477569580078 0.14656822383403778
0.0 0.0 107.98558807373047 0.27060046792030334
0.0 0.0 91.3847885131836 0.7510214447975159
59.1175537109375 1.0 971.6554565429688 0.9148402810096741
58.142425537109375 1.0 2241.11328125 0.913230836391449
57.31361770629883 1.0 3709.794677734375 0.9594155550003052
56.29011535644531 1.0 4042.451171875 0.954094409942627
56.41628646850586 1.0 4326.43115234375 0.934097945690155
58.73067092895508 1.0 3750.87890625 0.747023344039917
60.733097076416016 1.0 3349.7626953125 0.8660388588905334
61.1152458190918 1.0 4108.17578125 0.9894041419029236
61.061058044433594 1.0 5262.8486328125 0.9615401029586792
61.02816390991211 1.0 5987.16650390625 0.9567683935165405
61.30606460571289 1.0 5659.21630859375 0.9668659567832947
61.44959259033203 1.0 4906.8994140625 0.9639097452163696
61.75910568237305 1.0 4312.08447265625 0.9700255990028381
62.62159729003906 1.0 3965.14599609375 0.9539772868156433
125.25830078125 1.0 4259.76806640625 0.954207718372345
123.22943115234375 1.0 5093.85693359375 0.9751462936401367
120.76980590820312 1.0 5427.28125 0.9837223887443542
118.98419189453125 1.0 5317.92626953125 0.9895729422569275
117.64604187011719 1.0 5171.419921875 0.993351399898529
116.7545394897461 1.0 5144.3701171875 0.9923271536827087
117.66178894042969 1.0 4819.54833984375 0.988415002822876
121.0389175415039 1.0 4327.220703125 0.9859675168991089
120.8348388671875 1.0 4575.4638671875 0.9841968417167664
117.09485626220703 1.0 5309.376953125 0.9807300567626953
112.99610137939453 1.0 6111.5791015625 0.9804604649543762
110.79397583007812 1.0 5567.45947265625 0.9875656366348267
112.92630004882812 1.0 4560.14892578125 0.9780178070068359
116.71253204345703 1.0 4084.076904296875 0.993282675743103
117.26255798339844 1.0 4281.08984375 0.9915846586227417
115.71910095214844 1.0 4290.53271484375 0.9853102564811707
114.05778503417969 1.0 3009.836181640625 0.9769750237464905
116.31771850585938 1.0 1202.775146484375 0.9555293321609497
119.47454833984375 1.0 172.93309020996094 0.43355077505111694
118.47425079345703 1.0 81.1611328125 0.8789973258972168
0.0 0.0 58.28308868408203 0.2514622211456299
0.0 0.0 670.177490234375 0.25385549664497375
0.0 0.0 467.5330505371094 0.5341349840164185
121.02757263183594 1.0 548.0091552734375 0.8937808275222778
118.46321868896484 1.0 1645.0203857421875 0.9738611578941345
115.98123168945312 1.0 3028.259521484375 0.9507002830505371
114.23118591308594 1.0 3330.718017578125 0.9546723365783691
118.9754409790039 1.0 1691.4051513671875 0.8673964738845825
0.0 0.0 494.0260314941406 0.5317715406417847
0.0 0.0 433.4806823730469 0.41602587699890137
0.0 0.0 220.7593536376953 0.26440438628196716
0.0 0.0 88.35184478759766 0.6499327421188354
0.0 0.0 50.661685943603516 0.6822377443313599
0.0 0.0 33.753787994384766 0.4930022358894348
0.0 0.0 32.02642822265625 0.48243311047554016
0.0 0.0 21.95309066772461 0.23804917931556702
0.0 0.0 35.99822998046875 0.3257589340209961
0.0 0.0 69.02840423583984 0.4618825614452362
0.0 0.0 416.82403564453125 0.5026912689208984
25.44150733947754 1.0 851.8015747070312 0.7397623062133789
25.650012969970703 1.0 1416.5648193359375 0.6121863126754761
24.628158569335938 1.0 1440.099853515625 0.29301702976226807
24.969566345214844 1.0 1199.98388671875 0.7016138434410095
25.341209411621094 1.0 1146.322265625 0.8129132390022278
61.89344787597656 1.0 723.6902465820312 0.49648332595825195
64.04582977294922 1.0 1407.4755859375 0.72804856300354
62.22214889526367 1.0 1701.505859375 0.6797199845314026
61.591583251953125 1.0 1372.939208984375 0.6368223428726196
59.717369079589844 1.0 1798.2127685546875 0.5651289820671082
60.21195983886719 1.0 1520.105712890625 0.7416285276412964
60.20561981201172 1.0 507.9279479980469 0.7992178797721863
60.40149688720703 1.0 342.8154296875 0.870192289352417
48.84765625 1.0 125.29971313476562 0.26056748628616333
53.42194747924805 1.0 75.57308959960938 0.6488246321678162
53.64101791381836 1.0 443.04693603515625 0.8112308979034424
49.82805633544922 1.0 565.987060546875 0.6293510794639587
43.132816314697266 1.0 785.4872436523438 0.29114118218421936
43.2560920715332 1.0 1226.78759765625 0.6184827089309692
42.99173355102539 1.0 1091.2396240234375 0.3300761878490448
55.81388473510742 1.0 1065.1092529296875 0.42294880747795105
60.93115234375 1.0 1107.4967041015625 0.8718906044960022
60.20917510986328 1.0 1382.4564208984375 0.9373695254325867
60.90066146850586 1.0 2101.579833984375 0.8701439499855042
61.219383239746094 1.0 2471.78466796875 0.844204306602478
60.56374740600586 1.0 1637.602783203125 0.791050374507904
60.7882194519043 1.0 1433.7882080078125 0.7703775763511658
59.908199310302734 1.0 1372.44140625 0.799124538898468
60.81154251098633 1.0 1039.041259765625 0.5410061478614807
60.743751525878906 1.0 508.15972900390625 0.6992237567901611
61.13347244262695 1.0 709.5499877929688 0.96382075548172
123.13179779052734 1.0 775.9563598632812 0.9183698296546936
123.39527130126953 1.0 768.4793090820312 0.9206379055976868
120.24517059326172 1.0 327.347412109375 0.9769648313522339
120.54246520996094 1.0 119.8421401977539 0.8966003656387329
122.32201385498047 1.0 28.550609588623047 0.5346363186836243
132.2852325439453 1.0 15.591169357299805 0.5937458872795105
115.66218566894531 1.0 12.579645156860352 0.5423688888549805
112.91461181640625 1.0 22.843730926513672 0.5556931495666504
0.0 0.0 9.917292594909668 0.7353104948997498
0.0 0.0 5.790279865264893 0.5783355832099915
0.0 0.0 7.430454254150391 0.41327735781669617
0.0 0.0 5.91256856918335 0.6441918015480042
0.0 0.0 6.2050652503967285 0.29183536767959595
0.0 0.0 5.366974353790283 0.5944845080375671
0.0 0.0 15.493404388427734 0.5190579295158386
0.0 0.0 10.411110877990723 0.8489566445350647
0.0 0.0 8.064301490783691 0.5170748233795166
0.0 0.0 6.7720770835876465 0.6628374457359314
0.0 0.0 6.297726631164551 0.0
0.0 0.0 8.866353988647461 0.0
0.0 0.0 3.701338529586792 0.22344233095645905
0.0 0.0 6.736904144287109 0.26618513464927673
0.0 0.0 16.41542625427246 0.27085667848587036
0.0 0.0 23.365615844726562 0.21082213521003723
0.0 0.0 31.931486129760742 0.16842083632946014
0.0 0.0 43.384883880615234 0.19391612708568573
0.0 0.0 47.07917022705078 0.24939991533756256
0.0 0.0 60.64952850341797 0.26996639370918274
0.0 0.0 72.97462463378906 0.33398640155792236
0.0 0.0 77.70286560058594 0.4258328974246979
0.0 0.0 72.31857299804688 0.333843469619751
0.0 0.0 84.49092102050781 0.3793034851551056
0.0 0.0 94.49501037597656 0.4331578016281128
0.0 0.0 69.41744995117188 0.33359384536743164
0.0 0.0 68.63172149658203 0.47669339179992676
0.0 0.0 64.04190826416016 0.4166196882724762
0.0 0.0 60.636138916015625 0.2643287777900696
0.0 0.0 51.870391845703125 0.10329999774694443
0.0 0.0 55.107452392578125 0.2945418655872345
0.0 0.0 50.10326385498047 0.1299227625131607
0.0 0.0 44.26829147338867 0.15739792585372925
0.0 0.0 34.626747131347656 0.2644348740577698
0.0 0.0 27.087345123291016 0.20699042081832886
0.0 0.0 28.448646545410156 0.2867465913295746
0.0 0.0 22.96584701538086 0.19643795490264893
0.0 0.0 17.604713439941406 0.1462765336036682
0.0 0.0 29.50462532043457 0.37146225571632385
0.0 0.0 43.572025299072266 0.4256558120250702
