-71.1413
-70.5533
-72.0769
-74.043
-72.4467
-72.7404
-71.5768
-74.2934
-75.6948
-73.4588
-79.1511
-77.5184
-76.7218
-75.5782
-72.4618
-73.1799
-77.4373
-74.5251
-77.7437
-77.4397
-72.9655
-73.7436
-76.8606
-81.8955
-74.701
-74.7619
-76.7195
-78.0901
-80.4543
-77.2421
-73.573
-76.3732
-75.1242
-73.5031
-72.2027
-73.7743
-69.1048
-71.7664
-73.0456
-76.1666
-77.1414
-71.7552
-72.797
-72.4073
-69.966
-70.009
-70.7416
-74.4723
-75.3825
-74.9664
-72.9776
-77.0672
-77.9732
-78.597
-78.1865
-75.8354
-75.8951
-77.4537
-77.8143
-78.2268
-74.7139
-72.8359
-82.5562
-80.3848
-74.948
-72.5851
-68.6547
-66.4345
-48.1042
-40.9335
-31.1138
-22.1648
-20.3145
-18.4436
-16.1437
-13.2874
-11.1498
-10.3108
-9.81114
-9.56894
-9.41848
-9.20194
-9.07585
-9.08249
-9.15546
-9.26434
-9.41104
-9.71447
-10.1624
-10.5737
-10.9861
-11.337
-11.6995
-12.2575
-13.0841
-14.1094
-15.4729
-17.3396
-19.9473
-23.1577
-26.1221
-27.6697
-28.4457
-30.2323
-33.5541
-36.6856
-37.8142
-36.9376
-35.2221
-36.0242
-34.9445
-32.2874
-34.6685
-33.3045
-32.763
-34.5524
-32.1273
-34.7465
-34.223
-37.5651
-41.5062
-43.8562
-31.6653
-25.1001
-21.3094
-18.2152
-15.5037
-14.1562
-13.1404
-12.6013
-11.8941
-11.4485
-11.2642
-11.2146
-11.2232
-11.324
-11.3606
-11.4923
-11.2879
-11.4441
-11.8065
-12.3146
-12.367
-12.1387
-11.9737
-11.7525
-11.5088
-11.2564
-11.1587
-11.1769
-11.2133
-11.5261
-11.8409
-12.4884
-13.2253
-13.9416
-14.3918
-14.1571
-13.5283
-12.6179
-11.9922
-11.8785
-12.7061
-15.3963
-21.0837
-29.1199
-32.6047
-34.3061
-34.8474
-37.4416
-44.1241
-49.8114
-53.2658
-55.9972
-57.0362
-60.8173
-62.3729
-63.7861
-54.5274
-47.6712
-46.3393
-35.4329
-28.9628
-23.1215
-19.3573
-16.4968
-15.0959
-14.0347
-13.5329
-13.9814
-15.8415
-20.5526
-28.192
-34.3957
-37.5274
-39.39
-39.5677
-41.5817
-44.9935
-47.2586
-52.1301
-44.2223
-31.7317
-27.7166
-22.2977
-18.9911
-16.1895
-15.1661
-14.1079
-13.4245
-13.1535
-12.7696
-12.6018
-12.4506
-12.3096
-12.2339
-12.0752
-11.9737
-11.9997
-11.9211
-11.8904
-11.9488
-12.061
-12.3008
-12.6478
-12.921
-13.1018
-13.572
-14.4874
-15.9118
-18.1544
-21.1857
-24.235
-26.765
-28.0913
-28.3446
-27.2977
-23.6786
-20.2267
-17.9176
-16.2096
-14.7907
-13.8251
-13.2978
-13.2012
-13.5559
-13.9598
-14.4107
-15.2038
-15.7023
-15.6082
-15.4119
-15.2621
-15.1037
-15.1838
-15.3507
-15.6385
-15.8739
-16.8662
-20.0516
-25.1808
-32.2837
-40.2361
-45.5773
-51.0159
-46.8321
-35.8854
-40.1053
-35.8492
-28.0276
-21.964
-18.6995
-17.0032
-15.997
-15.1679
-14.6318
-14.2794
-14.1244
-13.9613
-14.0522
-14.2291
-14.5706
-15.0451
-15.3429
-15.3114
-15.1605
-14.7991
-14.6649
-14.9123
-15.2771
-15.5582
-15.6468
-15.3793
-15.0441
-14.787
-14.3932
-14.1631
-14.0893
-14.1021
-14.187
-14.482
-14.8313
-15.2764
-14.8196
-14.0549
-14.082
-14.4725
-15.2427
-16.8345
-18.7981
-21.449
-24.7176
-27.3005
-29.3677
-34.8358
-42.745
-41.3353
-42.3515
-34.3107
-28.8623
-23.5534
-19.806
-18.1689
-16.9496
-16.4542
-16.3973
-16.3722
-16.4235
-15.9118
-15.3883
-15.7015
-17.7412
-19.526
-22.664
-24.9428
-23.2641
-19.9531
-16.8135
-15.0679
-14.8268
-16.6603
-21.7125
-25.903
-29.6902
-32.9608
-36.5149
-41.4354
-42.557
-45.742
-50.1412
-45.4938
-44.5213
-37.6112
-37.4936
-35.4241
-30.5229
-29.3835
-28.8449
-28.0406
-32.8774
-39.9809
-38.804
-38.1116
-37.5764
-41.5125
-42.9247
-46.9958
-50.336
-53.1699
-58.1486
-60.1589
-57.8598
-58.0536
-62.8904
-51.4844
-46.0565
-54.3563
-58.9188
-62.0423
-65.1539
-66.4152
-66.3974
-67.476
-67.6949
-73.0578
-74.6312
-69.2285
-63.9252
-66.6147
-64.9516
-62.6475
-60.845
-57.9898
-38.3054
-28.2126
-23.1174
-19.4489
-16.8679
-15.4418
-14.5112
-13.5913
-13.0713
-13.0193
-13.2601
-14.1537
-16.5605
-21.5171
-28.954
-36.7169
-42.6547
-45.3107
-35.9619
-33.6646
-25.426
-20.701
-17.9694
-16.5472
-17.9232
-20.7373
-22.2798
-29.169
-35.4522
-38.0854
-39.9196
-43.0242
-45.9102
-51.0477
-52.7199
-55.7742
-59.8696
-61.3533
-51.8545
-43.866
-44.8339
-31.6395
-27.3425
-24.058
-22.5584
-18.3018
-16.2803
-15.176
-14.8632
-15.7645
-17.4498
-19.1864
-19.8494
-18.455
-16.3487
-14.4964
-13.4289
-13.0642
-12.9412
-12.9946
-13.3326
-13.7717
-14.0392
-14.4354
-15.1562
-15.6161
-15.4704
-15.0725
-14.8366
-14.7626
-14.9034
-15.32
-15.7953
-16.3224
-16.887
-16.9392
-15.7701
-14.6735
-14.3947
-14.6298
-15.4893
-18.8461
-21.2612
-24.5419
-29.5643
-35.4004
-37.4792
-37.5217
-34.9413
-23.765
-21.3588
-19.4881
-21.2835
-26.062
-27.0886
-30.8643
-27.5782
-30.8283
-32.6362
-31.811
-33.952
-39.7876
-42.599
-44.8011
-49.259
-53.8914
-58.123
-60.3354
-48.9449
-41.0518
-45.575
-52.391
-54.2845
-59.0549
-62.2902
-66.6237
-71.2364
-68.6052
-64.9602
-68.6034
-66.0614
-59.0623
-60.4923
-60.7459
-54.4118
-55.0428
-54.362
-54.6294
-54.357
-54.9241
-54.7527
-56.1896
-57.1364
-57.8767
-58.8998
-58.9275
-57.2346
-59.2138
-58.2011
-60.876
-61.3836
-65.1506
-59.9245
-59.3615
-61.841
-61.1968
-63.5481
-65.4752
-69.4917
-71.8303
-73.8537
-75.8145
-73.4515
-78.4213
-74.7598
-74.942
-73.0391
-74.6439
-77.2522
-75.998
-71.436
-76.0879
-76.6379
-72.4781
-69.2468
-68.5939
-73.4034
-75.527
-69.8167
-73.4079
-71.561
-72.7512
-73.5127
-48.5615
-31.7595
-25.4246
-23.0873
-19.279
-17.5582
-15.5792
-13.9587
-12.53
-11.3219
-10.924
-10.885
-10.8805
-11.0879
-11.1784
-11.5489
-12.4155
-13.8882
-15.1952
-15.2015
-14.2503
-13.4704
-13.0668
-12.9001
-13.333
-14.2163
-15.7605
-18.9724
-24.9736
-34.0262
-41.5586
-43.5316
-47.8718
-50.7624
-49.9949
-50.6698
-51.7559
-54.2344
-40.6059
-28.3302
-24.3864
-19.9977
-18.2956
-18.1589
-19.8813
-23.5658
-29.1661
-37.2513
-43.5854
-48.9499
-49.4098
-44.0417
-31.9455
-26.2519
-21.4019
-17.9428
-16.6273
-15.2263
-14.4475
-14.0278
-15.4324
-17.9971
-20.5864
-19.994
-21.6328
-25.2928
-31.5645
-41.4294
-40.2272
-35.8132
-27.1233
-21.8901
-18.0245
-16.0614
-15.3588
-14.7214
-15.8309
-17.9155
-20.0129
-20.6869
-20.118
-19.5197
-19.228
-18.7685
-18.0583
-17.2282
-16.7447
-16.1705
-15.6835
-15.5995
-15.7788
-15.9589
-16.2506
-16.5507
-16.453
-15.8591
-15.2716
-14.9464
-14.5783
-14.3067
-14.2221
-14.2774
-13.9581
-14.19
-14.7254
-14.4228
-14.3962
-14.9561
-15.7017
-16.9951
-19.8595
-25.2584
-32.0904
-38.0888
-38.677
-39.2704
-39.443
-39.3498
-38.0442
-36.6647
-37.7588
-38.2952
-40.24
-38.9032
-35.0009
-38.28
-45.8027
-45.5866
-45.4311
-46.3008
-45.5374
-43.8274
-46.1863
-46.5016
-49.3753
-56.8037
-40.5407
-30.3185
-25.6702
-21.3255
-18.7111
-18.1422
-17.5324
-17.3607
-18.1326
-18.4639
-19.4652
-17.545
-18.2286
-15.7356
-15.3615
-16.3724
-15.1535
-17.4111
-15.8239
-17.3086
-17.3298
-17.2296
-17.4345
-16.397
-15.8692
-15.3929
-15.5153
-15.7031
-15.7925
-15.7412
-16.0294
-16.4084
-17.0102
-17.3419
-16.8443
-15.9562
-15.0843
-14.3565
-14.6684
-15.6221
-16.8721
-17.6227
-17.801
-17.435
-17.1784
-18.0679
-20.4861
-24.8996
-32.8209
-44.6607
-51.782
-52.3444
-54.7039
-38.6622
-31.7518
-36.4634
-41.3799
-30.4519
-25.6605
-21.6765
-19.3584
-19.6354
-22.6343
-29.2892
-36.0503
-38.0171
-38.3638
-43.0871
-47.5912
-52.6932
-55.834
-56.8784
-59.4926
-59.9505
-61.8111
-63.1452
-58.916
-56.0496
-44.801
-37.7391
-34.5787
-30.4353
-27.1251
-26.7143
-28.9148
-28.6133
-29.3439
-31.1289
-32.4807
-26.6972
-24.953
-25.3747
-26.157
-26.3353
-25.0284
-26.7206
-28.7919
-35.8114
-39.1917
-41.0975
-47.9134
-51.2141
-51.6633
-37.1422
-35.6699
-30.7028
-32.0377
-29.7675
-29.9604
-29.2208
-27.1486
-30.3153
-29.0813
-26.3761
-26.2031
-23.6861
-23.003
-24.5398
-25.8854
-27.1744
-27.8618
-27.423
-29.3932
-32.3244
-35.7579
-32.561
-33.5094
-32.313
-32.3429
-33.9997
-39.6437
-45.4331
-51.0698
-60.3957
-64.1508
-65.7527
-67.858
-63.842
-64.9174
-70.0952
-73.1369
-73.0117
-72.6898
-75.5734
-75.7275
-74.29
-74.6631
-74.5873
-66.3172
-65.9265
-73.1297
-71.9169
-72.0715
-72.3124
-73.8165
-70.4921
-74.69
-78.5094
-75.2455
-70.3076
-65.7029
-62.8716
-61.2887
-59.9589
-58.3538
-56.9446
-56.593
-55.2846
-54.0556
-52.856
-53.2063
-51.2662
-52.81
-52.3077
-52.0215
-50.6367
-52.0057
-53.7428
-53.3583
-53.7406
-53.685
-54.4267
-55.8835
-56.0007
-55.2892
-55.8985
-56.3111
-57.1653
-59.3081
-59.3721
-61.3096
-60.5212
-62.1635
-62.9002
-64.8412
-64.7789
-60.6162
-57.2376
-59.3524
-64.4743
-64.7505
-63.9462
-66.5052
-64.2789
-60.4087
-62.7839
