0.956295
0.958203
0.953533
0.948066
0.96555
0.965959
0.981807
0.976618
0.968016
0.984629
0.951626
0.963718
0.946797
0.962621
0.982501
0.981617
0.960452
0.984253
0.973927
0.975512
0.993622
0.993917
0.990223
0.978547
0.996415
0.995684
0.993399
0.990955
0.984734
0.993526
0.996317
0.993605
0.99541
0.996921
0.996971
0.996833
0.99875
0.997766
0.99736
0.99465
0.991825
0.997836
0.996805
0.996724
0.997528
0.99616
0.995849
0.994449
0.993131
0.993774
0.996637
0.991676
0.990763
0.989882
0.990981
0.994118
0.993858
0.990412
0.990717
0.991225
0.995386
0.99727
0.975865
0.981409
0.994766
0.996779
0.998853
0.985326
0.899752
0.905968
0.976724
0.983605
0.977948
0.980508
0.991478
0.994012
0.994469
0.993553
0.990553
0.994879
0.997645
0.998151
0.998116
0.998182
0.99817
0.998119
0.998052
0.997945
0.997816
0.99763
0.997444
0.997371
0.997374
0.997314
0.997308
0.997277
0.997214
0.997121
0.997294
0.997631
0.998142
0.998532
0.998296
0.982203
0.752549
0.331635
0.0509735
-0.0435809
0.0470915
-0.0605488
0.0909356
0.174808
-0.00471235
0.078712
0.145093
0.0728075
0.16513
0.1693
0.210893
0.145523
0.214218
0.745333
0.995565
0.995138
0.994341
0.996231
0.997197
0.9978
0.9981
0.998368
0.998483
0.99846
0.998507
0.998491
0.998396
0.998412
0.998302
0.998154
0.997662
0.997425
0.997468
0.9971
0.996422
0.995842
0.995481
0.995801
0.996063
0.996343
0.996378
0.996211
0.996737
0.997236
0.997572
0.997888
0.998156
0.998315
0.998237
0.997134
0.996534
0.996954
0.997869
0.998647
0.998587
0.997047
0.977982
0.819308
0.512077
0.325901
-0.0477372
-0.246909
-0.175064
0.531773
0.915028
0.953422
0.971441
0.974382
0.982734
0.957156
0.739763
0.588276
0.634704
0.995593
0.995066
0.995234
0.996982
0.997872
0.99817
0.998438
0.998726
0.998628
0.996676
0.988495
0.917995
0.536682
0.382393
0.110729
-0.109584
-0.0730191
0.162814
0.516091
0.835058
0.993943
0.998088
0.997856
0.998046
0.998218
0.998239
0.998438
0.998509
0.998645
0.998749
0.998738
0.998787
0.998757
0.998801
0.998817
0.998774
0.998825
0.998829
0.998814
0.998834
0.998743
0.9987
0.998759
0.998782
0.998798
0.998851
0.998822
0.998889
0.998896
0.998858
0.99892
0.998865
0.998772
0.998823
0.998746
0.998832
0.998872
0.998851
0.998865
0.998705
0.99856
0.998549
0.998528
0.998605
0.998682
0.998601
0.998376
0.998287
0.998285
0.9982
0.998362
0.998611
0.998609
0.998684
0.998772
0.998788
0.99885
0.998896
0.998877
0.998784
0.99882
0.998433
0.9984
0.984936
0.89255
0.904073
0.888659
0.99391
0.992208
0.993286
0.996218
0.996526
0.996905
0.997471
0.997761
0.998003
0.998367
0.998487
0.998542
0.998665
0.99877
0.998761
0.998759
0.998734
0.998576
0.998353
0.99814
0.997535
0.997242
0.997907
0.998207
0.998047
0.997987
0.998175
0.998188
0.998227
0.998258
0.998248
0.998233
0.998294
0.998313
0.998462
0.998487
0.998288
0.998467
0.998502
0.99841
0.998585
0.998773
0.998893
0.998931
0.998703
0.998168
0.997836
0.997562
0.997091
0.995898
0.996123
0.993745
0.994146
0.996889
0.997841
0.998215
0.998467
0.998562
0.998591
0.998576
0.998473
0.998501
0.998609
0.998236
0.998698
0.998723
0.99692
0.996514
0.998523
0.998298
0.9983
0.998331
0.998565
0.99879
0.997965
0.99804
0.997936
0.997657
0.997569
0.997206
0.997667
0.981873
0.818553
0.856685
0.991871
0.989027
0.984085
0.991373
0.994255
0.994498
0.994989
0.9916
0.987686
0.992864
0.914796
0.877808
0.958519
0.983685
0.99108
0.993887
0.994949
0.99566
0.995733
0.997034
0.998124
0.988751
0.659131
0.613228
0.582885
0.779777
0.832704
0.669861
0.548294
0.632337
0.830647
0.947634
0.956944
0.960856
0.924914
0.923168
0.894159
0.769658
0.490638
0.0898241
0.625028
0.996953
0.998112
0.99803
0.997843
0.998257
0.998581
0.998682
0.998564
0.998726
0.998811
0.998803
0.998858
0.99884
0.998732
0.998647
0.998429
0.99851
0.943338
0.827955
0.949148
0.994914
0.994267
0.99569
0.996992
0.998153
0.998612
0.998296
0.997601
0.997128
0.997505
0.997554
0.997208
0.997273
0.997806
0.997568
0.997845
0.997817
0.993638
0.82102
0.76862
0.932245
0.997908
0.998304
0.998639
0.997851
0.996622
0.996139
0.997069
0.997904
0.998338
0.998695
0.998694
0.998769
0.998639
0.998507
0.998425
0.998445
0.998544
0.998702
0.998733
0.99875
0.998658
0.998548
0.998531
0.998564
0.998658
0.998713
0.998802
0.998922
0.999009
0.999016
0.999063
0.999097
0.999107
0.99909
0.999015
0.998699
0.998626
0.998649
0.998776
0.998963
0.999022
0.998751
0.998748
0.998765
0.998286
0.977328
0.931775
0.987977
0.997556
0.994148
0.989491
0.986005
0.993849
0.993117
0.993165
0.996649
0.996672
0.997434
0.997285
0.997314
0.997394
0.997364
0.997416
0.997482
0.997314
0.997348
0.996994
0.888345
0.867438
0.897226
0.960734
0.955067
0.973754
0.982485
0.987455
0.982836
0.994193
0.997552
0.99034
0.917178
0.869407
0.837737
0.835821
0.841191
0.84515
0.827549
0.826721
0.825455
0.79762
0.773573
0.743575
0.770432
0.777055
0.766934
0.803504
0.828625
0.797349
0.824472
0.81944
0.82177
0.7641
0.823484
0.822209
0.801172
0.837297
0.813172
0.880578
0.888684
0.915375
0.9362
0.964231
0.98727
0.97513
0.990802
0.99319
0.995905
0.994585
0.992518
0.993404
0.997485
0.993899
0.993478
0.996774
0.998449
0.998576
0.996802
0.995432
0.998321
0.996874
0.99785
0.989045
0.831705
0.992035
0.993298
0.986112
0.972945
0.97706
0.988596
0.994737
0.996861
0.99697
0.997104
0.997415
0.99777
0.998116
0.998595
0.998807
0.998812
0.998703
0.997184
0.995923
0.996892
0.998156
0.997905
0.998219
0.998628
0.998646
0.998576
0.997574
0.99188
0.965932
0.767532
0.167684
0.00732279
0.125692
0.79847
0.959198
0.911696
0.800749
0.89544
0.99452
0.997863
0.997503
0.998062
0.998669
0.99885
0.998766
0.998794
0.99878
0.998205
0.998327
0.998435
0.922403
0.938726
0.997754
0.997276
0.997526
0.997371
0.997526
0.998102
0.998503
0.998607
0.998757
0.998796
0.99631
0.997122
0.998288
0.998659
0.998432
0.996534
0.826782
0.868808
0.996261
0.996592
0.997201
0.998029
0.998445
0.998533
0.998717
0.998877
0.998958
0.999046
0.998911
0.99888
0.998793
0.998775
0.998748
0.998758
0.99874
0.998711
0.998645
0.998579
0.99854
0.998507
0.998555
0.998639
0.99872
0.998735
0.998756
0.998759
0.998662
0.998597
0.998583
0.998463
0.998163
0.998257
0.998551
0.99856
0.99871
0.998739
0.998699
0.998687
0.997259
0.981127
0.859318
0.4587
0.212746
0.143453
0.0213086
0.0392685
0.0330124
-0.0528121
-0.123864
-0.171849
-0.154856
0.0538655
0.210303
0.266948
0.459539
0.581086
0.612271
0.709352
0.781473
0.802658
0.73408
0.763811
0.760525
0.851798
0.994326
0.996166
0.997268
0.997975
0.998431
0.998626
0.998517
0.998305
0.998256
0.9982
0.997828
0.99785
0.997778
0.997746
0.997792
0.997834
0.997893
0.997978
0.998004
0.998021
0.998091
0.997792
0.997215
0.997062
0.996967
0.997223
0.997712
0.998064
0.998269
0.998331
0.998487
0.998751
0.998841
0.998732
0.998706
0.998576
0.998474
0.998647
0.998756
0.998683
0.998631
0.998704
0.998738
0.998781
0.998866
0.998899
0.998892
0.998918
0.998519
0.997234
0.997726
0.998435
0.995759
0.839694
0.835818
0.83559
0.94658
0.996694
0.998038
0.998479
0.998718
0.998425
0.99105
0.954494
0.751838
0.447068
0.335018
0.355134
0.797714
0.95436
0.946495
0.953383
0.876343
0.849095
0.897325
0.81405
0.741815
0.762224
0.855421
0.812668
0.952521
0.992698
0.994549
0.983918
0.98112
0.995135
0.997201
0.995795
0.990267
0.986574
0.991956
0.989759
0.97977
0.989058
0.99004
0.995984
0.997581
0.996938
0.996769
0.997008
0.995621
0.994592
0.986096
0.990279
0.989438
0.992407
0.991127
0.993159
0.994169
0.996615
0.996135
0.9975
0.997404
0.99749
0.997489
0.997458
0.997845
0.997871
0.997402
0.997384
0.997799
0.997648
0.99761
0.997563
0.99734
0.998221
0.998713
0.998751
0.998767
0.998753
0.998785
0.998712
0.998726
0.99794
0.99822
0.997293
0.990905
0.996137
0.997973
0.997048
0.995757
0.996215
0.997018
0.994934
0.995104
0.995915
0.995804
0.996207
0.999424
0.999382
0.997228
0.997426
0.997325
0.997832
0.996149
0.998428
0.995786
0.986574
0.95243
0.688784
0.467499
0.485555
0.383829
0.19112
0.455372
0.463044
0.345476
0.308342
0.400383
0.0923561
0.327803
0.556988
0.528618
0.470959
0.572354
0.63603
0.562029
0.403911
0.603236
0.478188
0.588615
0.479099
0.21412
0.32667
0.456983
0.489289
0.455548
0.498633
0.392239
0.520299
0.43497
0.454548
0.506641
0.384428
0.314839
0.316051
0.418591
0.80263
0.839358
0.608057
0.597571
0.727953
0.663425
0.715863
0.775908
0.764546
