-55 0.96 0.38 0.1 88.33
-55 0.96 0.38 0.15 89.72
-55 0.96 0.38 0.2 89.97
-55 0.96 0.38 0.3 89.89
-55 0.96 0.40 0.1 88.26
-55 0.96 0.40 0.15 89.71
-55 0.96 0.40 0.2 89.97
-55 0.96 0.40 0.3 89.94
-55 0.96 0.42 0.1 88.15
-55 0.96 0.42 0.15 89.60
-55 0.96 0.42 0.2 89.90
-55 0.96 0.42 0.3 89.91
-55 0.97 0.38 0.1 88.20
-55 0.97 0.38 0.15 89.65
-55 0.97 0.38 0.2 89.94
-55 0.97 0.38 0.3 89.89
-55 0.97 0.40 0.1 88.04
-55 0.97 0.40 0.15 89.54
-55 0.97 0.40 0.2 89.84
-55 0.97 0.40 0.3 89.84
-55 0.97 0.42 0.1 87.91
-55 0.97 0.42 0.15 89.42
-55 0.97 0.42 0.2 89.74
-55 0.97 0.42 0.3 89.78
-55 0.98 0.38 0.1 88.00
-55 0.98 0.38 0.15 89.50
-55 0.98 0.38 0.2 89.79
-55 0.98 0.38 0.3 89.74
-55 0.98 0.40 0.1 87.76
-55 0.98 0.40 0.15 89.32
-55 0.98 0.40 0.2 89.65
-55 0.98 0.40 0.3 89.64
-55 0.98 0.42 0.1 87.50
-55 0.98 0.42 0.15 89.10
-55 0.98 0.42 0.2 89.46
-55 0.98 0.42 0.3 89.50
-50 0.96 0.38 0.1 89.08
-50 0.96 0.38 0.15 90.63
-50 0.96 0.38 0.2 90.92
-50 0.96 0.38 0.3 90.89
-50 0.96 0.40 0.1 89.00
-50 0.96 0.40 0.15 90.61
-50 0.96 0.40 0.2 90.90
-50 0.96 0.40 0.3 90.91
-50 0.96 0.42 0.1 88.91
-50 0.96 0.42 0.15 90.51
-50 0.96 0.42 0.2 90.84
-50 0.96 0.42 0.3 90.89
-50 0.97 0.38 0.1 88.94
-50 0.97 0.38 0.15 90.52
-50 0.97 0.38 0.2 90.84
-50 0.97 0.38 0.3 90.85
-50 0.97 0.40 0.1 88.76
-50 0.97 0.40 0.15 90.40
-50 0.97 0.40 0.2 90.73
-50 0.97 0.40 0.3 90.76
-50 0.97 0.42 0.1 88.64
-50 0.97 0.42 0.15 90.28
-50 0.97 0.42 0.2 90.63
-50 0.97 0.42 0.3 90.72
-50 0.98 0.38 0.1 88.65
-50 0.98 0.38 0.15 90.27
-50 0.98 0.38 0.2 90.60
-50 0.98 0.38 0.3 90.61
-50 0.98 0.40 0.1 88.40
-50 0.98 0.40 0.15 90.08
-50 0.98 0.40 0.2 90.43
-50 0.98 0.40 0.3 90.46
-50 0.98 0.42 0.1 88.14
-50 0.98 0.42 0.15 89.86
-50 0.98 0.42 0.2 90.24
-50 0.98 0.42 0.3 90.33
-45 0.96 0.38 0.1 88.91
-45 0.96 0.38 0.15 90.46
-45 0.96 0.38 0.2 90.82
-45 0.96 0.38 0.3 90.79
-45 0.96 0.40 0.1 88.82
-45 0.96 0.40 0.15 90.43
-45 0.96 0.40 0.2 90.79
-45 0.96 0.40 0.3 90.78
-45 0.96 0.42 0.1 88.71
-45 0.96 0.42 0.15 90.30
-45 0.96 0.42 0.2 90.68
-45 0.96 0.42 0.3 90.69
-45 0.97 0.38 0.1 88.77
-45 0.97 0.38 0.15 90.34
-45 0.97 0.38 0.2 90.74
-45 0.97 0.38 0.3 90.73
-45 0.97 0.40 0.1 88.58
-45 0.97 0.40 0.15 90.20
-45 0.97 0.40 0.2 90.59
-45 0.97 0.40 0.3 90.61
-45 0.97 0.42 0.1 88.44
-45 0.97 0.42 0.15 90.05
-45 0.97 0.42 0.2 90.45
-45 0.97 0.42 0.3 90.49
-45 0.98 0.38 0.1 88.44
-45 0.98 0.38 0.15 90.05
-45 0.98 0.38 0.2 90.45
-45 0.98 0.38 0.3 90.44
-45 0.98 0.40 0.1 88.17
-45 0.98 0.40 0.15 89.84
-45 0.98 0.40 0.2 90.24
-45 0.98 0.40 0.3 90.26
-45 0.98 0.42 0.1 87.90
-45 0.98 0.42 0.15 89.59
-45 0.98 0.42 0.2 90.02
-45 0.98 0.42 0.3 90.06
