-55 0.94 0.36 0.18 0.0 1 0 83.29
-55 0.94 0.36 0.18 0.0 1 3 82.65
-55 0.94 0.36 0.18 0.0 1 5 81.40
-55 0.94 0.36 0.18 0.0 1 10 75.32
-55 0.94 0.36 0.18 0.0 1 15 70.50
-55 0.94 0.36 0.18 0.1 1 0 83.29
-55 0.94 0.36 0.18 0.1 1 3 82.65
-55 0.94 0.36 0.18 0.1 1 5 81.40
-55 0.94 0.36 0.18 0.1 1 10 75.32
-55 0.94 0.36 0.18 0.1 1 15 70.50
-55 0.94 0.36 0.18 0.2 1 0 83.29
-55 0.94 0.36 0.18 0.2 1 3 82.65
-55 0.94 0.36 0.18 0.2 1 5 81.40
-55 0.94 0.36 0.18 0.2 1 10 75.32
-55 0.94 0.36 0.18 0.2 1 15 70.50
-55 0.94 0.36 0.18 0.3 1 0 83.29
-55 0.94 0.36 0.18 0.3 1 3 82.65
-55 0.94 0.36 0.18 0.3 1 5 81.40
-55 0.94 0.36 0.18 0.3 1 10 75.32
-55 0.94 0.36 0.18 0.3 1 15 70.50
