0.335124
0.576971
0.343347
0.273394
0.5102
0.432227
0.591084
0.516173
0.293457
0.324608
0.273331
0.284579
0.301962
0.564644
0.258546
0.334446
0.551666
0.546459
0.368051
0.261326
0.699243
0.537049
0.310335
0.395352
0.778683
0.671377
0.531692
0.420495
0.277008
0.273654
0.525271
0.545758
0.774603
0.707427
0.664298
0.485728
0.792204
0.712506
0.599665
0.489844
0.368848
0.784347
0.497349
0.578405
0.659515
0.702861
0.621007
0.661514
0.535951
0.528335
0.579744
0.522791
0.568428
0.517715
0.424812
0.460077
0.323723
0.399729
0.426457
0.447446
0.508084
0.577578
0.567296
0.594538
0.612486
0.371036
0.820695
0.747183
0.761393
0.801966
0.358532
0.547184
0.619319
0.520293
0.616804
0.632476
0.646818
0.630479
0.649006
0.651332
0.672703
0.664882
0.667596
0.66214
0.668054
0.666286
0.666574
0.668185
0.675421
0.676807
0.674915
0.674816
0.674253
0.677164
0.675953
0.673364
0.678163
0.675477
0.675776
0.677344
0.695057
0.674611
0.648584
0.59649
0.460083
0.253456
0.176642
0.191425
0.208873
0.217724
0.278693
0.429057
0.396793
0.277066
0.375459
0.366812
0.464183
0.385601
0.481728
0.525715
0.478595
0.406151
0.474005
0.52954
0.639352
0.6365
0.62251
0.652469
0.627248
0.648222
0.634752
0.642547
0.642354
0.645741
0.642148
0.64988
0.649781
0.65802
0.642028
0.651403
0.645984
0.667884
0.665879
0.660362
0.668362
0.668468
0.672381
0.665216
0.671241
0.66627
0.659824
0.65135
0.646111
0.649121
0.641137
0.648062
0.650978
0.652868
0.6595
0.652767
0.655264
0.631871
0.608941
0.583503
0.553491
0.578803
0.43981
0.301019
0.245346
0.220931
0.169602
0.26175
0.514396
0.632432
0.533731
0.618472
0.533606
0.393002
0.388464
0.44585
0.301436
0.443671
0.577757
0.582448
0.656238
0.634577
0.656495
0.64982
0.633011
0.625345
0.587512
0.58344
0.564206
0.493753
0.3722
0.226546
0.172175
0.221984
0.370824
0.542677
0.498756
0.599229
0.52677
0.509969
0.563641
0.651553
0.615526
0.655327
0.655495
0.643393
0.658713
0.648904
0.649126
0.654966
0.648232
0.650181
0.648208
0.642228
0.645236
0.642356
0.640767
0.641978
0.63892
0.643004
0.653557
0.655065
0.649331
0.647623
0.638346
0.633168
0.62278
0.632325
0.647643
0.66883
0.669315
0.679107
0.672689
0.619563
0.618079
0.62384
0.630781
0.639493
0.636926
0.640479
0.622978
0.621024
0.616171
0.602508
0.608915
0.616339
0.614571
0.606614
0.605771
0.600625
0.605781
0.604582
0.613793
0.614225
0.596298
0.595561
0.577662
0.593898
0.645399
0.555586
0.598272
0.389985
0.64788
0.577079
0.512648
0.483151
0.55853
0.606955
0.60952
0.616868
0.624686
0.616538
0.615205
0.629068
0.615132
0.618299
0.617742
0.612922
0.609865
0.60182
0.598619
0.608234
0.605135
0.600506
0.597408
0.593715
0.602396
0.609611
0.604783
0.596459
0.604016
0.604887
0.60371
0.601269
0.598145
0.592481
0.599599
0.598467
0.597842
0.589516
0.575085
0.596884
0.583555
0.562865
0.567275
0.535634
0.484944
0.456053
0.434443
0.287775
0.330867
0.473131
0.696442
0.479849
0.536922
0.353654
0.50534
0.578754
0.613194
0.587771
0.60854
0.607002
0.594316
0.607468
0.605356
0.602998
0.581881
0.576074
0.521334
0.554845
0.619546
0.640017
0.604953
0.605906
0.589352
0.553495
0.521211
0.370433
0.39773
0.40004
0.407784
0.625609
0.785102
0.699088
0.32719
0.139514
0.257669
0.227063
0.495578
0.643269
0.65175
0.675518
0.730167
0.728562
0.679556
0.622905
0.6308
0.733585
0.400937
0.460007
0.689875
0.753293
0.776087
0.760045
0.773942
0.798777
0.698314
0.266096
0.262813
0.131656
0.283605
0.280662
0.262964
0.294904
0.418949
0.175476
0.216457
0.197618
0.263556
0.49588
0.444395
0.585543
0.521979
0.399619
0.485028
0.636208
0.437091
0.344071
0.118444
0.457272
0.454967
0.603635
0.619646
0.632971
0.641581
0.641203
0.635769
0.636537
0.63198
0.625765
0.612505
0.581035
0.57687
0.549369
0.653399
0.576928
0.388303
0.340476
0.403291
0.506971
0.578612
0.610776
0.548971
0.523846
0.503405
0.229153
0.499358
0.63055
0.58072
0.71791
0.806552
0.679621
0.346136
0.424873
0.151586
0.294783
0.401598
0.296998
0.378669
0.142709
0.373426
0.449013
0.409151
0.554097
0.54584
0.584559
0.56299
0.560164
0.57029
0.551896
0.546674
0.549863
0.556059
0.564354
0.560987
0.57291
0.586316
0.584356
0.577923
0.577943
0.586813
0.588447
0.580499
0.576593
0.572976
0.565347
0.56116
0.56225
0.556494
0.551098
0.554795
0.5525
0.546334
0.552491
0.554176
0.531858
0.533789
0.552772
0.559921
0.510363
0.537914
0.488442
0.440559
0.400225
0.497391
0.429147
0.253369
0.315903
0.386034
0.446415
0.493384
0.478531
0.399852
0.382167
0.417983
0.605223
0.690462
0.724239
0.765104
0.793279
0.812657
0.796793
0.78056
0.799417
0.789794
0.745487
0.649004
0.200878
0.279776
0.48033
0.472757
0.301367
0.399061
0.408485
0.530855
0.445517
0.529277
0.704386
0.756775
0.524262
0.74448
0.578086
0.529728
0.745195
0.653407
0.482522
0.322297
0.397352
0.432641
0.389316
0.39483
0.513445
0.657874
0.451319
0.488552
0.731136
0.501822
0.545997
0.617352
0.720701
0.627754
0.746617
0.678938
0.574021
0.63979
0.777261
0.679003
0.464869
0.340764
0.486795
0.479462
0.687222
0.515979
0.444529
0.390348
0.469892
0.278732
0.315209
0.436678
0.81055
0.655155
0.421553
0.587234
0.721249
0.775519
0.505218
0.662676
0.78696
0.688443
0.887674
0.649627
0.1929
0.476309
0.571218
0.505375
0.576631
0.548338
0.618019
0.663907
0.662212
0.660705
0.657602
0.655916
0.656546
0.640815
0.637078
0.626232
0.626602
0.618576
0.618969
0.633881
0.632735
0.623601
0.630015
0.630103
0.624467
0.630313
0.623507
0.604952
0.574892
0.520049
0.428735
0.172461
0.195197
0.249084
0.489229
0.581101
0.515046
0.392695
0.505748
0.527758
0.460246
0.611009
0.568274
0.611396
0.601725
0.598813
0.593533
0.568456
0.659739
0.632661
0.619673
0.272642
0.394906
0.532452
0.380375
0.489558
0.575798
0.613645
0.583515
0.639589
0.550772
0.559597
0.587379
0.614581
0.547994
0.568524
0.573042
0.550502
0.475686
0.401658
0.266606
0.412002
0.571224
0.561335
0.589964
0.61438
0.582987
0.542559
0.548006
0.555049
0.559213
0.558894
0.556956
0.563473
0.567649
0.577801
0.579658
0.589035
0.580739
0.573814
0.57579
0.588332
0.577914
0.566055
0.580926
0.584541
0.571356
0.573149
0.586962
0.584623
0.592136
0.605151
0.616823
0.5959
0.59995
0.638477
0.608008
0.629916
0.651165
0.643544
0.624127
0.602527
0.600859
0.529727
0.43598
0.245341
0.242807
0.165275
0.208431
0.205158
0.40773
0.351722
0.37596
0.215429
0.280208
0.474071
0.412941
0.287326
0.239551
0.20934
0.46278
0.666071
0.722959
0.459379
0.544855
0.627192
0.37923
0.505917
0.470131
0.561105
0.606085
0.597432
0.630012
0.602843
0.595461
0.604225
0.529353
0.355606
0.345912
0.373664
0.442779
0.486295
0.324034
0.285095
0.292779
0.349223
0.446767
0.54309
0.529376
0.658198
0.65682
0.663289
0.638476
0.651621
0.639646
0.648102
0.636026
0.631127
0.629207
0.646535
0.65718
0.668009
0.651126
0.635958
0.616136
0.599813
0.591531
0.605343
0.620975
0.644473
0.642297
0.623282
0.618334
0.595704
0.556041
0.538103
0.361283
0.341251
0.560472
0.599999
0.326821
0.308095
0.26315
0.449484
0.4837
0.605577
0.611994
0.595678
0.583822
0.54635
0.555207
0.4591
0.275932
0.225784
0.20461
0.214694
0.357096
0.387572
0.262412
0.276007
0.364758
0.336452
0.221202
0.14799
0.0867113
0.199819
0.387475
0.355841
0.236926
0.189963
0.316856
0.276966
0.34996
0.527428
0.606826
0.280888
0.129067
0.285461
0.245277
0.194525
0.192285
0.181038
0.231786
0.187442
0.204832
0.548195
0.623668
0.57177
0.635227
0.251614
0.0956436
0.303873
0.236799
0.229345
0.144429
0.368165
0.516418
0.519073
0.360108
0.35866
0.260707
0.190048
0.307378
0.386641
0.344271
0.438013
0.512698
0.48702
0.435926
0.578779
0.707791
0.716269
0.473207
0.6131
0.590614
0.617818
0.568182
0.643043
0.627585
0.531376
0.479775
0.372289
0.526598
0.414431
0.365721
0.374856
0.418286
0.288306
0.319273
0.618791
0.443994
0.376189
0.213515
0.182334
0.519762
0.879975
0.873502
0.764809
0.753957
0.631578
0.803349
0.687686
0.845043
0.636403
0.500573
0.434267
0.55935
0.440725
0.5684
0.460054
0.298976
0.402046
0.334518
0.308509
0.270277
0.330315
0.363984
0.431421
0.491918
0.390764
0.308209
0.418744
0.599195
0.360424
0.21347
0.510712
0.480731
0.502582
0.401008
0.330819
0.390187
0.394595
0.471985
0.448918
0.531535
0.390105
0.382915
0.285021
0.450497
0.456478
0.520805
0.381078
0.313161
0.59867
0.783882
0.738608
0.499385
0.579946
0.610871
0.529152
0.463535
0.535022
0.560918
